0	-4.517919E-2	-4.389054E-2	-4.453486E-2	50E-9	1.2287040E-3
3.99999999e-06	-4.163540E-2	-4.389054E-2	-4.550135E-2	50E-9	1.2287040E-3
8.000000008e-06	-4.517919E-2	-4.421270E-2	-4.517919E-2	50E-9	1.2287040E-3
1.2e-05	-4.711216E-2	-4.936730E-2	-5.001163E-2	50E-9	1.2287040E-3
1.600000002e-05	-4.775649E-2	-4.807865E-2	-4.872298E-2	50E-9	1.2287040E-3
2.000000001e-05	-4.711216E-2	-4.840081E-2	-4.968947E-2	50E-9	1.2287040E-3
2.4e-05	-4.872298E-2	-4.936730E-2	-5.033379E-2	50E-9	1.2287040E-3
2.799999999e-05	-4.775649E-2	-4.807865E-2	-4.840081E-2	50E-9	1.2287040E-3
3.2e-05	-5.194461E-2	-5.001163E-2	-5.033379E-2	50E-9	1.2287040E-3
3.599999999e-05	-5.452191E-2	-5.419974E-2	-5.258893E-2	50E-9	1.2287040E-3
4.000000001e-05	-5.484407E-2	-5.387758E-2	-5.419974E-2	50E-9	1.2287040E-3
4.4e-05	-5.452191E-2	-5.484407E-2	-5.355542E-2	50E-9	1.2287040E-3
4.799999999e-05	-5.419974E-2	-5.548840E-2	-5.452191E-2	50E-9	1.2287040E-3
5.200000001e-05	-5.548840E-2	-5.516623E-2	-5.323326E-2	50E-9	1.2287040E-3
5.6e-05	-5.387758E-2	-5.548840E-2	-5.516623E-2	50E-9	1.2287040E-3
6.000000002e-05	-5.677705E-2	-5.903219E-2	-5.967651E-2	50E-9	1.2287040E-3
6.400000001e-05	-5.903219E-2	-5.774354E-2	-5.935435E-2	50E-9	1.2287040E-3
6.8e-05	-6.032084E-2	-5.935435E-2	-5.903219E-2	50E-9	1.2287040E-3
7.199999999e-05	-5.903219E-2	-5.838786E-2	-6.032084E-2	50E-9	1.2287040E-3
7.600000001e-05	-5.838786E-2	-5.871002E-2	-6.064300E-2	50E-9	1.2287040E-3
8e-05	-5.806570E-2	-5.871002E-2	-5.903219E-2	50E-9	1.2287040E-3
8.400000002e-05	-5.871002E-2	-6.354246E-2	-6.225381E-2	50E-9	1.2287040E-3
8.800000001e-05	-6.289814E-2	-6.547544E-2	-6.322030E-2	50E-9	1.2287040E-3
9.2e-05	-6.418679E-2	-6.515328E-2	-6.354246E-2	50E-9	1.2287040E-3
9.600000001e-05	-6.289814E-2	-6.418679E-2	-6.483112E-2	50E-9	1.2287040E-3
0.0001	-6.225381E-2	-6.322030E-2	-6.515328E-2	50E-9	1.2287040E-3
0.000104	-6.289814E-2	-6.386463E-2	-6.483112E-2	50E-9	1.2287040E-3
0.000108	-6.386463E-2	-6.322030E-2	-6.515328E-2	50E-9	1.2287040E-3
0.000112	-6.257598E-2	-6.354246E-2	-6.160949E-2	50E-9	1.2287040E-3
0.000116	-6.418679E-2	-6.547544E-2	-6.354246E-2	50E-9	1.2287040E-3
0.00012	-6.450895E-2	-6.418679E-2	-6.483112E-2	50E-9	1.2287040E-3
0.000124	-6.418679E-2	-6.257598E-2	-6.483112E-2	50E-9	1.2287040E-3
0.000128	-6.354246E-2	-6.322030E-2	-6.483112E-2	50E-9	1.2287040E-3
0.000132	-6.483112E-2	-6.966356E-2	-6.901923E-2	50E-9	1.2287040E-3
0.000136	-6.837491E-2	-6.837491E-2	-6.837491E-2	50E-9	1.2287040E-3
0.00014	-6.676409E-2	-6.805274E-2	-6.869707E-2	50E-9	1.2287040E-3
0.000144	-6.901923E-2	-6.966356E-2	-7.030788E-2	50E-9	1.2287040E-3
0.000148	-7.030788E-2	-6.869707E-2	-6.708626E-2	50E-9	1.2287040E-3
0.000152	-6.869707E-2	-6.966356E-2	-6.837491E-2	50E-9	1.2287040E-3
0.000156	-6.579760E-2	-7.320735E-2	-7.514032E-2	50E-9	1.2287040E-3
0.00016	-7.352951E-2	-7.417384E-2	-7.449600E-2	50E-9	1.2287040E-3
0.000164	-7.514032E-2	-7.417384E-2	-7.417384E-2	50E-9	1.2287040E-3
0.000168	-7.417384E-2	-7.481816E-2	-7.256302E-2	50E-9	1.2287040E-3
0.000172	-7.288519E-2	-7.191870E-2	-7.095221E-2	50E-9	1.2287040E-3
0.000176	-7.256302E-2	-7.288519E-2	-7.385167E-2	50E-9	1.2287040E-3
0.00018	-7.320735E-2	-7.320735E-2	-7.868412E-2	50E-9	1.2287040E-3
0.000184	-7.771763E-2	-7.900628E-2	-7.836195E-2	50E-9	1.2287040E-3
0.000188	-7.836195E-2	-7.836195E-2	-7.900628E-2	50E-9	1.2287040E-3
0.000192	-7.836195E-2	-8.093925E-2	-7.868412E-2	50E-9	1.2287040E-3
0.000196	-7.707330E-2	-7.836195E-2	-7.803979E-2	50E-9	1.2287040E-3
0.0002	-7.836195E-2	-7.803979E-2	-7.836195E-2	50E-9	1.2287040E-3
0.000204	-7.868412E-2	-7.932844E-2	-7.868412E-2	50E-9	1.2287040E-3
0.000208	-7.675114E-2	-7.868412E-2	-7.675114E-2	50E-9	1.2287040E-3
0.000212	-7.932844E-2	-7.707330E-2	-7.900628E-2	50E-9	1.2287040E-3
0.000216	-7.900628E-2	-7.836195E-2	-7.900628E-2	50E-9	1.2287040E-3
0.00022	-7.836195E-2	-7.675114E-2	-7.932844E-2	50E-9	1.2287040E-3
0.000224	-7.771763E-2	-7.675114E-2	-7.932844E-2	50E-9	1.2287040E-3
0.000228	-7.836195E-2	-7.771763E-2	-8.383872E-2	50E-9	1.2287040E-3
0.000232	-8.351656E-2	-8.480521E-2	-8.480521E-2	50E-9	1.2287040E-3
0.000236	-8.351656E-2	-8.222791E-2	-8.416088E-2	50E-9	1.2287040E-3
0.00024	-8.351656E-2	-8.383872E-2	-8.609386E-2	50E-9	1.2287040E-3
0.000244	-8.255007E-2	-8.416088E-2	-8.351656E-2	50E-9	1.2287040E-3
0.000248	-8.029493E-2	-8.416088E-2	-8.093925E-2	50E-9	1.2287040E-3
0.000252	-8.383872E-2	-8.287223E-2	-8.802684E-2	50E-9	1.2287040E-3
0.000256	-8.738251E-2	-8.706035E-2	-8.770467E-2	50E-9	1.2287040E-3
0.00026	-8.834900E-2	-8.738251E-2	-8.834900E-2	50E-9	1.2287040E-3
0.000264	-8.770467E-2	-8.609386E-2	-8.834900E-2	50E-9	1.2287040E-3
0.000268	-8.867116E-2	-8.770467E-2	-8.834900E-2	50E-9	1.2287040E-3
0.000272	-8.706035E-2	-8.899332E-2	-8.770467E-2	50E-9	1.2287040E-3
0.000276	-8.770467E-2	-8.802684E-2	-9.253711E-2	50E-9	1.2287040E-3
0.00028	-9.253711E-2	-9.382577E-2	-9.318144E-2	50E-9	1.2287040E-3
0.000284	-9.285928E-2	-9.414793E-2	-9.253711E-2	50E-9	1.2287040E-3
0.000288	-9.253711E-2	-9.414793E-2	-9.350360E-2	50E-9	1.2287040E-3
0.000292	-9.285928E-2	-9.511442E-2	-9.382577E-2	50E-9	1.2287040E-3
0.000296	-9.253711E-2	-9.221495E-2	-9.285928E-2	50E-9	1.2287040E-3
0.0003	-9.414793E-2	-9.221495E-2	-9.318144E-2	50E-9	1.2287040E-3
0.000304	-9.833604E-2	-9.736956E-2	-9.801388E-2	50E-9	1.2287040E-3
0.000308	-9.801388E-2	-9.833604E-2	-9.833604E-2	50E-9	1.2287040E-3
0.000312	-9.736956E-2	-9.801388E-2	-9.801388E-2	50E-9	1.2287040E-3
0.000316	-9.608090E-2	-9.930253E-2	-9.801388E-2	50E-9	1.2287040E-3
0.00032	-9.865821E-2	-9.736956E-2	-9.608090E-2	50E-9	1.2287040E-3
0.000324	-9.769172E-2	-9.833604E-2	-9.833604E-2	50E-9	1.2287040E-3
0.000328	-9.833604E-2	-9.833604E-2	-9.994686E-2	50E-9	1.2287040E-3
0.000332	-9.833604E-2	-9.930253E-2	-9.672523E-2	50E-9	1.2287040E-3
0.000336	-9.801388E-2	-9.672523E-2	-9.898037E-2	50E-9	1.2287040E-3
0.00034	-9.704739E-2	-9.704739E-2	-9.930253E-2	50E-9	1.2287040E-3
0.000344	-1.012355E-1	-9.833604E-2	-9.994686E-2	50E-9	1.2287040E-3
0.000348	-9.865821E-2	-9.672523E-2	-9.640307E-2	50E-9	1.2287040E-3
0.000352	-1.028463E-1	-1.044571E-1	-1.015577E-1	50E-9	1.2287040E-3
0.000356	-1.031685E-1	-1.028463E-1	-1.028463E-1	50E-9	1.2287040E-3
0.00036	-1.028463E-1	-1.025242E-1	-1.031685E-1	50E-9	1.2287040E-3
0.000364	-1.041350E-1	-1.041350E-1	-1.031685E-1	50E-9	1.2287040E-3
0.000368	-1.051015E-1	-1.038128E-1	-1.031685E-1	50E-9	1.2287040E-3
0.000372	-1.015577E-1	-1.044571E-1	-1.041350E-1	50E-9	1.2287040E-3
0.000376	-1.102561E-1	-1.086453E-1	-1.076788E-1	50E-9	1.2287040E-3
0.00038	-1.080009E-1	-1.073566E-1	-1.067123E-1	50E-9	1.2287040E-3
0.000384	-1.073566E-1	-1.092896E-1	-1.080009E-1	50E-9	1.2287040E-3
0.000388	-1.089674E-1	-1.086453E-1	-1.067123E-1	50E-9	1.2287040E-3
0.000392	-1.076788E-1	-1.083231E-1	-1.080009E-1	50E-9	1.2287040E-3
0.000396	-1.080009E-1	-1.076788E-1	-1.102561E-1	50E-9	1.2287040E-3
0.0004	-1.112226E-1	-1.118669E-1	-1.125112E-1	50E-9	1.2287040E-3
0.000404	-1.128334E-1	-1.125112E-1	-1.102561E-1	50E-9	1.2287040E-3
0.000408	-1.150885E-1	-1.121890E-1	-1.134777E-1	50E-9	1.2287040E-3
0.000412	-1.125112E-1	-1.137999E-1	-1.128334E-1	50E-9	1.2287040E-3
0.000416	-1.134777E-1	-1.134777E-1	-1.137999E-1	50E-9	1.2287040E-3
0.00042	-1.141220E-1	-1.134777E-1	-1.131555E-1	50E-9	1.2287040E-3
0.000424	-1.134777E-1	-1.170215E-1	-1.186323E-1	50E-9	1.2287040E-3
0.000428	-1.176658E-1	-1.170215E-1	-1.176658E-1	50E-9	1.2287040E-3
0.000432	-1.163772E-1	-1.179880E-1	-1.179880E-1	50E-9	1.2287040E-3
0.000436	-1.170215E-1	-1.163772E-1	-1.176658E-1	50E-9	1.2287040E-3
0.00044	-1.186323E-1	-1.179880E-1	-1.176658E-1	50E-9	1.2287040E-3
0.000444	-1.176658E-1	-1.170215E-1	-1.183101E-1	50E-9	1.2287040E-3
0.000448	-1.176658E-1	-1.166993E-1	-1.179880E-1	50E-9	1.2287040E-3
0.000452	-1.166993E-1	-1.179880E-1	-1.157328E-1	50E-9	1.2287040E-3
0.000456	-1.183101E-1	-1.157328E-1	-1.192766E-1	50E-9	1.2287040E-3
0.00046	-1.186323E-1	-1.176658E-1	-1.179880E-1	50E-9	1.2287040E-3
0.000464	-1.183101E-1	-1.173436E-1	-1.189545E-1	50E-9	1.2287040E-3
0.000468	-1.186323E-1	-1.186323E-1	-1.173436E-1	50E-9	1.2287040E-3
0.000472	-1.186323E-1	-1.234647E-1	-1.241091E-1	50E-9	1.2287040E-3
0.000476	-1.208874E-1	-1.215318E-1	-1.234647E-1	50E-9	1.2287040E-3
0.00048	-1.218539E-1	-1.231426E-1	-1.241091E-1	50E-9	1.2287040E-3
0.000484	-1.234647E-1	-1.234647E-1	-1.250756E-1	50E-9	1.2287040E-3
0.000488	-1.237869E-1	-1.241091E-1	-1.250756E-1	50E-9	1.2287040E-3
0.000492	-1.253977E-1	-1.228204E-1	-1.244312E-1	50E-9	1.2287040E-3
0.000496	-1.224983E-1	-1.270085E-1	-1.282972E-1	50E-9	1.2287040E-3
0.0005	-1.286193E-1	-1.273307E-1	-1.282972E-1	50E-9	1.2287040E-3
0.000504	-1.289415E-1	-1.260420E-1	-1.279750E-1	50E-9	1.2287040E-3
0.000508	-1.270085E-1	-1.276529E-1	-1.289415E-1	50E-9	1.2287040E-3
0.000512	-1.266864E-1	-1.253977E-1	-1.276529E-1	50E-9	1.2287040E-3
0.000516	-1.273307E-1	-1.273307E-1	-1.273307E-1	50E-9	1.2287040E-3
0.00052	-1.276529E-1	-1.308745E-1	-1.334518E-1	50E-9	1.2287040E-3
0.000524	-1.308745E-1	-1.331296E-1	-1.331296E-1	50E-9	1.2287040E-3
0.000528	-1.318410E-1	-1.318410E-1	-1.324853E-1	50E-9	1.2287040E-3
0.000532	-1.331296E-1	-1.318410E-1	-1.331296E-1	50E-9	1.2287040E-3
0.000536	-1.328075E-1	-1.337740E-1	-1.308745E-1	50E-9	1.2287040E-3
0.00054	-1.321631E-1	-1.334518E-1	-1.344183E-1	50E-9	1.2287040E-3
0.000544	-1.302302E-1	-1.321631E-1	-1.311966E-1	50E-9	1.2287040E-3
0.000548	-1.337740E-1	-1.353848E-1	-1.311966E-1	50E-9	1.2287040E-3
0.000552	-1.334518E-1	-1.318410E-1	-1.334518E-1	50E-9	1.2287040E-3
0.000556	-1.340961E-1	-1.340961E-1	-1.331296E-1	50E-9	1.2287040E-3
0.00056	-1.328075E-1	-1.324853E-1	-1.331296E-1	50E-9	1.2287040E-3
0.000564	-1.318410E-1	-1.315188E-1	-1.321631E-1	50E-9	1.2287040E-3
0.000568	-1.308745E-1	-1.324853E-1	-1.357069E-1	50E-9	1.2287040E-3
0.000572	-1.376399E-1	-1.373177E-1	-1.376399E-1	50E-9	1.2287040E-3
0.000576	-1.366734E-1	-1.379621E-1	-1.363513E-1	50E-9	1.2287040E-3
0.00058	-1.353848E-1	-1.376399E-1	-1.382842E-1	50E-9	1.2287040E-3
0.000584	-1.369956E-1	-1.366734E-1	-1.373177E-1	50E-9	1.2287040E-3
0.000588	-1.366734E-1	-1.376399E-1	-1.363513E-1	50E-9	1.2287040E-3
0.000592	-1.373177E-1	-1.363513E-1	-1.405394E-1	50E-9	1.2287040E-3
0.000596	-1.431167E-1	-1.434388E-1	-1.421502E-1	50E-9	1.2287040E-3
0.0006	-1.421502E-1	-1.427945E-1	-1.434388E-1	50E-9	1.2287040E-3
0.000604	-1.415059E-1	-1.418280E-1	-1.424723E-1	50E-9	1.2287040E-3
0.000608	-1.427945E-1	-1.418280E-1	-1.421502E-1	50E-9	1.2287040E-3
0.000612	-1.434388E-1	-1.424723E-1	-1.427945E-1	50E-9	1.2287040E-3
0.000616	-1.408615E-1	-1.421502E-1	-1.476270E-1	50E-9	1.2287040E-3
0.00062	-1.466605E-1	-1.482713E-1	-1.479491E-1	50E-9	1.2287040E-3
0.000624	-1.495599E-1	-1.476270E-1	-1.460161E-1	50E-9	1.2287040E-3
0.000628	-1.473048E-1	-1.463383E-1	-1.482713E-1	50E-9	1.2287040E-3
0.000632	-1.482713E-1	-1.473048E-1	-1.485934E-1	50E-9	1.2287040E-3
0.000636	-1.466605E-1	-1.473048E-1	-1.479491E-1	50E-9	1.2287040E-3
0.00064	-1.466605E-1	-1.485934E-1	-1.492378E-1	50E-9	1.2287040E-3
0.000644	-1.534259E-1	-1.531037E-1	-1.531037E-1	50E-9	1.2287040E-3
0.000648	-1.514929E-1	-1.518151E-1	-1.527816E-1	50E-9	1.2287040E-3
0.000652	-1.521372E-1	-1.527816E-1	-1.521372E-1	50E-9	1.2287040E-3
0.000656	-1.524594E-1	-1.531037E-1	-1.524594E-1	50E-9	1.2287040E-3
0.00066	-1.505264E-1	-1.502043E-1	-1.518151E-1	50E-9	1.2287040E-3
0.000664	-1.518151E-1	-1.534259E-1	-1.527816E-1	50E-9	1.2287040E-3
0.000668	-1.511707E-1	-1.534259E-1	-1.534259E-1	50E-9	1.2287040E-3
0.000672	-1.518151E-1	-1.537480E-1	-1.527816E-1	50E-9	1.2287040E-3
0.000676	-1.514929E-1	-1.521372E-1	-1.524594E-1	50E-9	1.2287040E-3
0.00068	-1.521372E-1	-1.524594E-1	-1.511707E-1	50E-9	1.2287040E-3
0.000684	-1.534259E-1	-1.527816E-1	-1.514929E-1	50E-9	1.2287040E-3
0.000688	-1.531037E-1	-1.527816E-1	-1.514929E-1	50E-9	1.2287040E-3
0.000692	-1.579362E-1	-1.569697E-1	-1.572918E-1	50E-9	1.2287040E-3
0.000696	-1.553589E-1	-1.576140E-1	-1.579362E-1	50E-9	1.2287040E-3
0.0007	-1.576140E-1	-1.569697E-1	-1.566475E-1	50E-9	1.2287040E-3
0.000704	-1.547145E-1	-1.553589E-1	-1.560032E-1	50E-9	1.2287040E-3
0.000708	-1.569697E-1	-1.563253E-1	-1.560032E-1	50E-9	1.2287040E-3
0.000712	-1.553589E-1	-1.560032E-1	-1.579362E-1	50E-9	1.2287040E-3
0.000716	-1.647016E-1	-1.601913E-1	-1.627686E-1	50E-9	1.2287040E-3
0.00072	-1.618021E-1	-1.611578E-1	-1.634129E-1	50E-9	1.2287040E-3
0.000724	-1.598691E-1	-1.611578E-1	-1.614800E-1	50E-9	1.2287040E-3
0.000728	-1.621243E-1	-1.614800E-1	-1.634129E-1	50E-9	1.2287040E-3
0.000732	-1.611578E-1	-1.611578E-1	-1.637351E-1	50E-9	1.2287040E-3
0.000736	-1.618021E-1	-1.621243E-1	-1.621243E-1	50E-9	1.2287040E-3
0.00074	-1.676010E-1	-1.656681E-1	-1.669567E-1	50E-9	1.2287040E-3
0.000744	-1.682454E-1	-1.672789E-1	-1.669567E-1	50E-9	1.2287040E-3
0.000748	-1.666346E-1	-1.682454E-1	-1.653459E-1	50E-9	1.2287040E-3
0.000752	-1.656681E-1	-1.692119E-1	-1.682454E-1	50E-9	1.2287040E-3
0.000756	-1.666346E-1	-1.679232E-1	-1.672789E-1	50E-9	1.2287040E-3
0.00076	-1.663124E-1	-1.676010E-1	-1.669567E-1	50E-9	1.2287040E-3
0.000764	-1.656681E-1	-1.672789E-1	-1.679232E-1	50E-9	1.2287040E-3
0.000768	-1.666346E-1	-1.682454E-1	-1.685675E-1	50E-9	1.2287040E-3
0.000772	-1.650237E-1	-1.672789E-1	-1.656681E-1	50E-9	1.2287040E-3
0.000776	-1.656681E-1	-1.679232E-1	-1.666346E-1	50E-9	1.2287040E-3
0.00078	-1.656681E-1	-1.676010E-1	-1.679232E-1	50E-9	1.2287040E-3
0.000784	-1.666346E-1	-1.669567E-1	-1.669567E-1	50E-9	1.2287040E-3
0.000788	-1.666346E-1	-1.708227E-1	-1.737221E-1	50E-9	1.2287040E-3
0.000792	-1.692119E-1	-1.734000E-1	-1.711448E-1	50E-9	1.2287040E-3
0.000796	-1.717892E-1	-1.724335E-1	-1.685675E-1	50E-9	1.2287040E-3
0.0008	-1.708227E-1	-1.705005E-1	-1.714670E-1	50E-9	1.2287040E-3
0.000804	-1.721113E-1	-1.717892E-1	-1.714670E-1	50E-9	1.2287040E-3
0.000808	-1.708227E-1	-1.727556E-1	-1.730778E-1	50E-9	1.2287040E-3
0.000812	-1.711448E-1	-1.775881E-1	-1.769438E-1	50E-9	1.2287040E-3
0.000816	-1.779103E-1	-1.775881E-1	-1.762994E-1	50E-9	1.2287040E-3
0.00082	-1.762994E-1	-1.756551E-1	-1.740443E-1	50E-9	1.2287040E-3
0.000824	-1.759773E-1	-1.766216E-1	-1.769438E-1	50E-9	1.2287040E-3
0.000828	-1.759773E-1	-1.756551E-1	-1.762994E-1	50E-9	1.2287040E-3
0.000832	-1.766216E-1	-1.756551E-1	-1.775881E-1	50E-9	1.2287040E-3
0.000836	-1.756551E-1	-1.820984E-1	-1.798432E-1	50E-9	1.2287040E-3
0.00084	-1.817762E-1	-1.830649E-1	-1.817762E-1	50E-9	1.2287040E-3
0.000844	-1.824205E-1	-1.808097E-1	-1.817762E-1	50E-9	1.2287040E-3
0.000848	-1.817762E-1	-1.824205E-1	-1.824205E-1	50E-9	1.2287040E-3
0.000852	-1.824205E-1	-1.820984E-1	-1.824205E-1	50E-9	1.2287040E-3
0.000856	-1.814540E-1	-1.811319E-1	-1.830649E-1	50E-9	1.2287040E-3
0.00086	-1.804876E-1	-1.866086E-1	-1.872530E-1	50E-9	1.2287040E-3
0.000864	-1.853200E-1	-1.856422E-1	-1.862865E-1	50E-9	1.2287040E-3
0.000868	-1.862865E-1	-1.859643E-1	-1.856422E-1	50E-9	1.2287040E-3
0.000872	-1.872530E-1	-1.869308E-1	-1.866086E-1	50E-9	1.2287040E-3
0.000876	-1.866086E-1	-1.875751E-1	-1.869308E-1	50E-9	1.2287040E-3
0.00088	-1.862865E-1	-1.840313E-1	-1.849978E-1	50E-9	1.2287040E-3
0.000884	-1.869308E-1	-1.862865E-1	-1.859643E-1	50E-9	1.2287040E-3
0.000888	-1.866086E-1	-1.872530E-1	-1.859643E-1	50E-9	1.2287040E-3
0.000892	-1.875751E-1	-1.875751E-1	-1.837092E-1	50E-9	1.2287040E-3
0.000896	-1.862865E-1	-1.849978E-1	-1.872530E-1	50E-9	1.2287040E-3
0.0009	-1.853200E-1	-1.872530E-1	-1.866086E-1	50E-9	1.2287040E-3
0.000904	-1.866086E-1	-1.856422E-1	-1.856422E-1	50E-9	1.2287040E-3
0.000908	-1.862865E-1	-1.856422E-1	-1.920854E-1	50E-9	1.2287040E-3
0.000912	-1.904746E-1	-1.927297E-1	-1.888638E-1	50E-9	1.2287040E-3
0.000916	-1.901524E-1	-1.907968E-1	-1.901524E-1	50E-9	1.2287040E-3
0.00092	-1.914411E-1	-1.901524E-1	-1.911189E-1	50E-9	1.2287040E-3
0.000924	-1.917633E-1	-1.917633E-1	-1.924076E-1	50E-9	1.2287040E-3
0.000928	-1.901524E-1	-1.895081E-1	-1.924076E-1	50E-9	1.2287040E-3
0.000932	-1.917633E-1	-1.904746E-1	-1.969179E-1	50E-9	1.2287040E-3
0.000936	-1.953070E-1	-1.959514E-1	-1.962735E-1	50E-9	1.2287040E-3
0.00094	-1.959514E-1	-1.978843E-1	-1.953070E-1	50E-9	1.2287040E-3
0.000944	-1.962735E-1	-1.959514E-1	-1.965957E-1	50E-9	1.2287040E-3
0.000948	-1.959514E-1	-1.959514E-1	-1.965957E-1	50E-9	1.2287040E-3
0.000952	-1.953070E-1	-1.969179E-1	-1.982065E-1	50E-9	1.2287040E-3
0.000956	-1.965957E-1	-1.975622E-1	-2.020725E-1	50E-9	1.2287040E-3
0.00096	-2.007838E-1	-1.991730E-1	-2.007838E-1	50E-9	1.2287040E-3
0.000964	-2.030390E-1	-2.014281E-1	-2.014281E-1	50E-9	1.2287040E-3
0.000968	-1.991730E-1	-2.023946E-1	-2.011060E-1	50E-9	1.2287040E-3
0.000972	-2.001395E-1	-2.027168E-1	-2.023946E-1	50E-9	1.2287040E-3
0.000976	-2.027168E-1	-2.001395E-1	-2.017503E-1	50E-9	1.2287040E-3
0.00098	-2.020725E-1	-2.023946E-1	-2.007838E-1	50E-9	1.2287040E-3
0.000984	-2.017503E-1	-2.014281E-1	-2.027168E-1	50E-9	1.2287040E-3
0.000988	-2.017503E-1	-2.001395E-1	-1.998173E-1	50E-9	1.2287040E-3
0.000992	-2.014281E-1	-2.001395E-1	-2.011060E-1	50E-9	1.2287040E-3
0.000996	-1.998173E-1	-2.014281E-1	-2.040054E-1	50E-9	1.2287040E-3
0.001	-2.014281E-1	-2.011060E-1	-2.027168E-1	50E-9	1.2287040E-3
0.001004	-1.998173E-1	-2.014281E-1	-2.011060E-1	50E-9	1.2287040E-3
0.001008	-2.065827E-1	-2.065827E-1	-2.081936E-1	50E-9	1.2287040E-3
0.001012	-2.065827E-1	-2.052941E-1	-2.085157E-1	50E-9	1.2287040E-3
0.001016	-2.072271E-1	-2.056163E-1	-2.062606E-1	50E-9	1.2287040E-3
0.00102	-2.046498E-1	-2.052941E-1	-2.056163E-1	50E-9	1.2287040E-3
0.001024	-2.065827E-1	-2.056163E-1	-2.065827E-1	50E-9	1.2287040E-3
0.001028	-2.059384E-1	-2.049719E-1	-2.065827E-1	50E-9	1.2287040E-3
0.001032	-2.098044E-1	-2.123817E-1	-2.088379E-1	50E-9	1.2287040E-3
0.001036	-2.104487E-1	-2.117373E-1	-2.107709E-1	50E-9	1.2287040E-3
0.00104	-2.107709E-1	-2.081936E-1	-2.088379E-1	50E-9	1.2287040E-3
0.001044	-2.094822E-1	-2.110930E-1	-2.104487E-1	50E-9	1.2287040E-3
0.001048	-2.107709E-1	-2.091600E-1	-2.110930E-1	50E-9	1.2287040E-3
0.001052	-2.107709E-1	-2.104487E-1	-2.094822E-1	50E-9	1.2287040E-3
0.001056	-2.159255E-1	-2.156033E-1	-2.162476E-1	50E-9	1.2287040E-3
0.00106	-2.162476E-1	-2.159255E-1	-2.162476E-1	50E-9	1.2287040E-3
0.001064	-2.159255E-1	-2.159255E-1	-2.152811E-1	50E-9	1.2287040E-3
0.001068	-2.159255E-1	-2.143147E-1	-2.168920E-1	50E-9	1.2287040E-3
0.001072	-2.175363E-1	-2.149590E-1	-2.165698E-1	50E-9	1.2287040E-3
0.001076	-2.159255E-1	-2.159255E-1	-2.143147E-1	50E-9	1.2287040E-3
0.00108	-2.207579E-1	-2.201136E-1	-2.204357E-1	50E-9	1.2287040E-3
0.001084	-2.230130E-1	-2.220466E-1	-2.204357E-1	50E-9	1.2287040E-3
0.001088	-2.210801E-1	-2.204357E-1	-2.197914E-1	50E-9	1.2287040E-3
0.001092	-2.226909E-1	-2.204357E-1	-2.201136E-1	50E-9	1.2287040E-3
0.001096	-2.197914E-1	-2.233352E-1	-2.207579E-1	50E-9	1.2287040E-3
0.0011	-2.204357E-1	-2.197914E-1	-2.201136E-1	50E-9	1.2287040E-3
0.001104	-2.210801E-1	-2.210801E-1	-2.201136E-1	50E-9	1.2287040E-3
0.001108	-2.204357E-1	-2.197914E-1	-2.197914E-1	50E-9	1.2287040E-3
0.001112	-2.214022E-1	-2.191471E-1	-2.191471E-1	50E-9	1.2287040E-3
0.001116	-2.201136E-1	-2.217244E-1	-2.204357E-1	50E-9	1.2287040E-3
0.00112	-2.207579E-1	-2.197914E-1	-2.191471E-1	50E-9	1.2287040E-3
0.001124	-2.188249E-1	-2.214022E-1	-2.207579E-1	50E-9	1.2287040E-3
0.001128	-2.226909E-1	-2.255904E-1	-2.246239E-1	50E-9	1.2287040E-3
0.001132	-2.255904E-1	-2.268790E-1	-2.239795E-1	50E-9	1.2287040E-3
0.001136	-2.262347E-1	-2.239795E-1	-2.252682E-1	50E-9	1.2287040E-3
0.00114	-2.265568E-1	-2.246239E-1	-2.265568E-1	50E-9	1.2287040E-3
0.001144	-2.265568E-1	-2.275233E-1	-2.262347E-1	50E-9	1.2287040E-3
0.001148	-2.230130E-1	-2.262347E-1	-2.259125E-1	50E-9	1.2287040E-3
0.001152	-2.252682E-1	-2.301006E-1	-2.313893E-1	50E-9	1.2287040E-3
0.001156	-2.291341E-1	-2.301006E-1	-2.313893E-1	50E-9	1.2287040E-3
0.00116	-2.304228E-1	-2.291341E-1	-2.307450E-1	50E-9	1.2287040E-3
0.001164	-2.301006E-1	-2.313893E-1	-2.272012E-1	50E-9	1.2287040E-3
0.001168	-2.317114E-1	-2.294563E-1	-2.310671E-1	50E-9	1.2287040E-3
0.001172	-2.317114E-1	-2.304228E-1	-2.317114E-1	50E-9	1.2287040E-3
0.001176	-2.294563E-1	-2.362217E-1	-2.362217E-1	50E-9	1.2287040E-3
0.00118	-2.336444E-1	-2.349331E-1	-2.349331E-1	50E-9	1.2287040E-3
0.001184	-2.342887E-1	-2.336444E-1	-2.346109E-1	50E-9	1.2287040E-3
0.001188	-2.352552E-1	-2.352552E-1	-2.349331E-1	50E-9	1.2287040E-3
0.001192	-2.336444E-1	-2.358996E-1	-2.339666E-1	50E-9	1.2287040E-3
0.001196	-2.346109E-1	-2.371882E-1	-2.339666E-1	50E-9	1.2287040E-3
0.0012	-2.358996E-1	-2.397655E-1	-2.378325E-1	50E-9	1.2287040E-3
0.001204	-2.416985E-1	-2.391212E-1	-2.397655E-1	50E-9	1.2287040E-3
0.001208	-2.400877E-1	-2.407320E-1	-2.404098E-1	50E-9	1.2287040E-3
0.001212	-2.397655E-1	-2.391212E-1	-2.400877E-1	50E-9	1.2287040E-3
0.001216	-2.397655E-1	-2.407320E-1	-2.397655E-1	50E-9	1.2287040E-3
0.00122	-2.394434E-1	-2.397655E-1	-2.400877E-1	50E-9	1.2287040E-3
0.001224	-2.404098E-1	-2.407320E-1	-2.423428E-1	50E-9	1.2287040E-3
0.001228	-2.407320E-1	-2.391212E-1	-2.397655E-1	50E-9	1.2287040E-3
0.001232	-2.384769E-1	-2.407320E-1	-2.413763E-1	50E-9	1.2287040E-3
0.001236	-2.391212E-1	-2.397655E-1	-2.397655E-1	50E-9	1.2287040E-3
0.00124	-2.391212E-1	-2.400877E-1	-2.400877E-1	50E-9	1.2287040E-3
0.001244	-2.404098E-1	-2.397655E-1	-2.407320E-1	50E-9	1.2287040E-3
0.001248	-2.387990E-1	-2.391212E-1	-2.449201E-1	50E-9	1.2287040E-3
0.001252	-2.452423E-1	-2.436315E-1	-2.465309E-1	50E-9	1.2287040E-3
0.001256	-2.452423E-1	-2.455644E-1	-2.462088E-1	50E-9	1.2287040E-3
0.00126	-2.462088E-1	-2.462088E-1	-2.452423E-1	50E-9	1.2287040E-3
0.001264	-2.455644E-1	-2.449201E-1	-2.439536E-1	50E-9	1.2287040E-3
0.001268	-2.423428E-1	-2.423428E-1	-2.442758E-1	50E-9	1.2287040E-3
0.001272	-2.442758E-1	-2.429871E-1	-2.497526E-1	50E-9	1.2287040E-3
0.001276	-2.491082E-1	-2.484639E-1	-2.481417E-1	50E-9	1.2287040E-3
0.00128	-2.487861E-1	-2.497526E-1	-2.497526E-1	50E-9	1.2287040E-3
0.001284	-2.494304E-1	-2.510412E-1	-2.503969E-1	50E-9	1.2287040E-3
0.001288	-2.516855E-1	-2.494304E-1	-2.497526E-1	50E-9	1.2287040E-3
0.001292	-2.491082E-1	-2.491082E-1	-2.478196E-1	50E-9	1.2287040E-3
0.001296	-2.487861E-1	-2.481417E-1	-2.539407E-1	50E-9	1.2287040E-3
0.0013	-2.542628E-1	-2.558737E-1	-2.539407E-1	50E-9	1.2287040E-3
0.001304	-2.532964E-1	-2.558737E-1	-2.529742E-1	50E-9	1.2287040E-3
0.001308	-2.539407E-1	-2.549072E-1	-2.545850E-1	50E-9	1.2287040E-3
0.001312	-2.555515E-1	-2.545850E-1	-2.536185E-1	50E-9	1.2287040E-3
0.001316	-2.542628E-1	-2.574845E-1	-2.561958E-1	50E-9	1.2287040E-3
0.00132	-2.561958E-1	-2.539407E-1	-2.555515E-1	50E-9	1.2287040E-3
0.001324	-2.536185E-1	-2.532964E-1	-2.536185E-1	50E-9	1.2287040E-3
0.001328	-2.536185E-1	-2.542628E-1	-2.549072E-1	50E-9	1.2287040E-3
0.001332	-2.545850E-1	-2.552293E-1	-2.552293E-1	50E-9	1.2287040E-3
0.001336	-2.542628E-1	-2.545850E-1	-2.542628E-1	50E-9	1.2287040E-3
0.00134	-2.510412E-1	-2.552293E-1	-2.552293E-1	50E-9	1.2287040E-3
0.001344	-2.545850E-1	-2.545850E-1	-2.571623E-1	50E-9	1.2287040E-3
0.001348	-2.578066E-1	-2.594174E-1	-2.590953E-1	50E-9	1.2287040E-3
0.001352	-2.590953E-1	-2.584510E-1	-2.578066E-1	50E-9	1.2287040E-3
0.001356	-2.584510E-1	-2.584510E-1	-2.584510E-1	50E-9	1.2287040E-3
0.00136	-2.581288E-1	-2.584510E-1	-2.581288E-1	50E-9	1.2287040E-3
0.001364	-2.590953E-1	-2.594174E-1	-2.597396E-1	50E-9	1.2287040E-3
0.001368	-2.603839E-1	-2.600618E-1	-2.597396E-1	50E-9	1.2287040E-3
0.001372	-2.652164E-1	-2.632834E-1	-2.639277E-1	50E-9	1.2287040E-3
0.001376	-2.648942E-1	-2.648942E-1	-2.648942E-1	50E-9	1.2287040E-3
0.00138	-2.632834E-1	-2.648942E-1	-2.619947E-1	50E-9	1.2287040E-3
0.001384	-2.642499E-1	-2.658607E-1	-2.652164E-1	50E-9	1.2287040E-3
0.001388	-2.629612E-1	-2.648942E-1	-2.652164E-1	50E-9	1.2287040E-3
0.001392	-2.642499E-1	-2.648942E-1	-2.639277E-1	50E-9	1.2287040E-3
0.001396	-2.697267E-1	-2.671494E-1	-2.700488E-1	50E-9	1.2287040E-3
0.0014	-2.706931E-1	-2.697267E-1	-2.700488E-1	50E-9	1.2287040E-3
0.001404	-2.700488E-1	-2.697267E-1	-2.700488E-1	50E-9	1.2287040E-3
0.001408	-2.690823E-1	-2.697267E-1	-2.684380E-1	50E-9	1.2287040E-3
0.001412	-2.710153E-1	-2.700488E-1	-2.681158E-1	50E-9	1.2287040E-3
0.001416	-2.671494E-1	-2.694045E-1	-2.690823E-1	50E-9	1.2287040E-3
0.00142	-2.761699E-1	-2.745591E-1	-2.729483E-1	50E-9	1.2287040E-3
0.001424	-2.732704E-1	-2.742369E-1	-2.735926E-1	50E-9	1.2287040E-3
0.001428	-2.758478E-1	-2.745591E-1	-2.742369E-1	50E-9	1.2287040E-3
0.001432	-2.742369E-1	-2.729483E-1	-2.729483E-1	50E-9	1.2287040E-3
0.001436	-2.735926E-1	-2.748813E-1	-2.735926E-1	50E-9	1.2287040E-3
0.00144	-2.742369E-1	-2.752034E-1	-2.719818E-1	50E-9	1.2287040E-3
0.001444	-2.748813E-1	-2.742369E-1	-2.739148E-1	50E-9	1.2287040E-3
0.001448	-2.739148E-1	-2.752034E-1	-2.723040E-1	50E-9	1.2287040E-3
0.001452	-2.745591E-1	-2.739148E-1	-2.742369E-1	50E-9	1.2287040E-3
0.001456	-2.745591E-1	-2.729483E-1	-2.742369E-1	50E-9	1.2287040E-3
0.00146	-2.729483E-1	-2.726261E-1	-2.735926E-1	50E-9	1.2287040E-3
0.001464	-2.729483E-1	-2.729483E-1	-2.748813E-1	50E-9	1.2287040E-3
0.001468	-2.787472E-1	-2.790694E-1	-2.787472E-1	50E-9	1.2287040E-3
0.001472	-2.784251E-1	-2.787472E-1	-2.797137E-1	50E-9	1.2287040E-3
0.001476	-2.781029E-1	-2.790694E-1	-2.797137E-1	50E-9	1.2287040E-3
0.00148	-2.774586E-1	-2.790694E-1	-2.787472E-1	50E-9	1.2287040E-3
0.001484	-2.787472E-1	-2.790694E-1	-2.790694E-1	50E-9	1.2287040E-3
0.001488	-2.790694E-1	-2.787472E-1	-2.793915E-1	50E-9	1.2287040E-3
0.001492	-2.790694E-1	-2.855126E-1	-2.845461E-1	50E-9	1.2287040E-3
0.001496	-2.848683E-1	-2.832575E-1	-2.845461E-1	50E-9	1.2287040E-3
0.0015	-2.845461E-1	-2.826132E-1	-2.822910E-1	50E-9	1.2287040E-3
0.001504	-2.842240E-1	-2.826132E-1	-2.829353E-1	50E-9	1.2287040E-3
0.001508	-2.851905E-1	-2.832575E-1	-2.842240E-1	50E-9	1.2287040E-3
0.001512	-2.848683E-1	-2.839018E-1	-2.851905E-1	50E-9	1.2287040E-3
0.001516	-2.835797E-1	-2.880899E-1	-2.903451E-1	50E-9	1.2287040E-3
0.00152	-2.880899E-1	-2.877678E-1	-2.871235E-1	50E-9	1.2287040E-3
0.001524	-2.887343E-1	-2.897008E-1	-2.890564E-1	50E-9	1.2287040E-3
0.001528	-2.893786E-1	-2.874456E-1	-2.884121E-1	50E-9	1.2287040E-3
0.001532	-2.871235E-1	-2.874456E-1	-2.887343E-1	50E-9	1.2287040E-3
0.001536	-2.880899E-1	-2.903451E-1	-2.890564E-1	50E-9	1.2287040E-3
0.00154	-2.893786E-1	-2.884121E-1	-2.893786E-1	50E-9	1.2287040E-3
0.001544	-2.874456E-1	-2.877678E-1	-2.900229E-1	50E-9	1.2287040E-3
0.001548	-2.864791E-1	-2.884121E-1	-2.877678E-1	50E-9	1.2287040E-3
0.001552	-2.880899E-1	-2.890564E-1	-2.871235E-1	50E-9	1.2287040E-3
0.001556	-2.884121E-1	-2.880899E-1	-2.893786E-1	50E-9	1.2287040E-3
0.00156	-2.897008E-1	-2.893786E-1	-2.874456E-1	50E-9	1.2287040E-3
0.001564	-2.906672E-1	-2.935667E-1	-2.938889E-1	50E-9	1.2287040E-3
0.001568	-2.945332E-1	-2.932445E-1	-2.942110E-1	50E-9	1.2287040E-3
0.001572	-2.932445E-1	-2.958218E-1	-2.948554E-1	50E-9	1.2287040E-3
0.001576	-2.938889E-1	-2.932445E-1	-2.942110E-1	50E-9	1.2287040E-3
0.00158	-2.945332E-1	-2.938889E-1	-2.951775E-1	50E-9	1.2287040E-3
0.001584	-2.945332E-1	-2.942110E-1	-2.958218E-1	50E-9	1.2287040E-3
0.001588	-2.929224E-1	-2.980770E-1	-2.987213E-1	50E-9	1.2287040E-3
0.001592	-2.987213E-1	-3.000100E-1	-2.990435E-1	50E-9	1.2287040E-3
0.001596	-3.000100E-1	-2.990435E-1	-2.983992E-1	50E-9	1.2287040E-3
0.0016	-3.003321E-1	-3.016208E-1	-2.980770E-1	50E-9	1.2287040E-3
0.001604	-2.974327E-1	-2.993656E-1	-2.977548E-1	50E-9	1.2287040E-3
0.001608	-3.003321E-1	-2.974327E-1	-2.987213E-1	50E-9	1.2287040E-3
0.001612	-2.987213E-1	-2.990435E-1	-3.038759E-1	50E-9	1.2287040E-3
0.001616	-3.025873E-1	-3.041981E-1	-3.045202E-1	50E-9	1.2287040E-3
0.00162	-3.035538E-1	-3.058089E-1	-3.051646E-1	50E-9	1.2287040E-3
0.001624	-3.019429E-1	-3.035538E-1	-3.051646E-1	50E-9	1.2287040E-3
0.001628	-3.029094E-1	-3.032316E-1	-3.041981E-1	50E-9	1.2287040E-3
0.001632	-3.032316E-1	-3.029094E-1	-3.038759E-1	50E-9	1.2287040E-3
0.001636	-3.041981E-1	-3.032316E-1	-3.058089E-1	50E-9	1.2287040E-3
0.00164	-3.087084E-1	-3.087084E-1	-3.090305E-1	50E-9	1.2287040E-3
0.001644	-3.096749E-1	-3.093527E-1	-3.093527E-1	50E-9	1.2287040E-3
0.001648	-3.083862E-1	-3.080640E-1	-3.103192E-1	50E-9	1.2287040E-3
0.001652	-3.080640E-1	-3.083862E-1	-3.083862E-1	50E-9	1.2287040E-3
0.001656	-3.080640E-1	-3.067754E-1	-3.083862E-1	50E-9	1.2287040E-3
0.00166	-3.090305E-1	-3.080640E-1	-3.087084E-1	50E-9	1.2287040E-3
0.001664	-3.093527E-1	-3.074197E-1	-3.093527E-1	50E-9	1.2287040E-3
0.001668	-3.077419E-1	-3.093527E-1	-3.074197E-1	50E-9	1.2287040E-3
0.001672	-3.070975E-1	-3.087084E-1	-3.090305E-1	50E-9	1.2287040E-3
0.001676	-3.080640E-1	-3.106413E-1	-3.080640E-1	50E-9	1.2287040E-3
0.00168	-3.067754E-1	-3.080640E-1	-3.077419E-1	50E-9	1.2287040E-3
0.001684	-3.061311E-1	-3.099970E-1	-3.119300E-1	50E-9	1.2287040E-3
0.001688	-3.145073E-1	-3.122522E-1	-3.148295E-1	50E-9	1.2287040E-3
0.001692	-3.132186E-1	-3.125743E-1	-3.151516E-1	50E-9	1.2287040E-3
0.001696	-3.132186E-1	-3.138630E-1	-3.138630E-1	50E-9	1.2287040E-3
0.0017	-3.148295E-1	-3.109635E-1	-3.138630E-1	50E-9	1.2287040E-3
0.001704	-3.128965E-1	-3.135408E-1	-3.116078E-1	50E-9	1.2287040E-3
0.001708	-3.119300E-1	-3.138630E-1	-3.167624E-1	50E-9	1.2287040E-3
0.001712	-3.157959E-1	-3.186954E-1	-3.193397E-1	50E-9	1.2287040E-3
0.001716	-3.193397E-1	-3.193397E-1	-3.183732E-1	50E-9	1.2287040E-3
0.00172	-3.174068E-1	-3.167624E-1	-3.183732E-1	50E-9	1.2287040E-3
0.001724	-3.177289E-1	-3.154738E-1	-3.161181E-1	50E-9	1.2287040E-3
0.001728	-3.170846E-1	-3.177289E-1	-3.174068E-1	50E-9	1.2287040E-3
0.001732	-3.183732E-1	-3.183732E-1	-3.161181E-1	50E-9	1.2287040E-3
0.001736	-3.215949E-1	-3.225614E-1	-3.225614E-1	50E-9	1.2287040E-3
0.00174	-3.228835E-1	-3.238500E-1	-3.222392E-1	50E-9	1.2287040E-3
0.001744	-3.228835E-1	-3.219170E-1	-3.241722E-1	50E-9	1.2287040E-3
0.001748	-3.238500E-1	-3.241722E-1	-3.238500E-1	50E-9	1.2287040E-3
0.001752	-3.238500E-1	-3.235279E-1	-3.228835E-1	50E-9	1.2287040E-3
0.001756	-3.206284E-1	-3.209506E-1	-3.212727E-1	50E-9	1.2287040E-3
0.00176	-3.228835E-1	-3.238500E-1	-3.215949E-1	50E-9	1.2287040E-3
0.001764	-3.225614E-1	-3.209506E-1	-3.228835E-1	50E-9	1.2287040E-3
0.001768	-3.209506E-1	-3.235279E-1	-3.228835E-1	50E-9	1.2287040E-3
0.001772	-3.235279E-1	-3.225614E-1	-3.235279E-1	50E-9	1.2287040E-3
0.001776	-3.222392E-1	-3.232057E-1	-3.244943E-1	50E-9	1.2287040E-3
0.00178	-3.212727E-1	-3.228835E-1	-3.225614E-1	50E-9	1.2287040E-3
0.001784	-3.261052E-1	-3.293268E-1	-3.267495E-1	50E-9	1.2287040E-3
0.001788	-3.277160E-1	-3.257830E-1	-3.273938E-1	50E-9	1.2287040E-3
0.001792	-3.251387E-1	-3.280381E-1	-3.280381E-1	50E-9	1.2287040E-3
0.001796	-3.286825E-1	-3.280381E-1	-3.270716E-1	50E-9	1.2287040E-3
0.0018	-3.273938E-1	-3.290046E-1	-3.280381E-1	50E-9	1.2287040E-3
0.001804	-3.267495E-1	-3.273938E-1	-3.277160E-1	50E-9	1.2287040E-3
0.001808	-3.328706E-1	-3.309376E-1	-3.325484E-1	50E-9	1.2287040E-3
0.001812	-3.325484E-1	-3.325484E-1	-3.312598E-1	50E-9	1.2287040E-3
0.001816	-3.325484E-1	-3.335149E-1	-3.319041E-1	50E-9	1.2287040E-3
0.00182	-3.319041E-1	-3.328706E-1	-3.309376E-1	50E-9	1.2287040E-3
0.001824	-3.315819E-1	-3.331927E-1	-3.319041E-1	50E-9	1.2287040E-3
0.001828	-3.325484E-1	-3.331927E-1	-3.319041E-1	50E-9	1.2287040E-3
0.001832	-3.351257E-1	-3.344814E-1	-3.373809E-1	50E-9	1.2287040E-3
0.001836	-3.335149E-1	-3.354479E-1	-3.377030E-1	50E-9	1.2287040E-3
0.00184	-3.367365E-1	-3.373809E-1	-3.357700E-1	50E-9	1.2287040E-3
0.001844	-3.360922E-1	-3.364144E-1	-3.370587E-1	50E-9	1.2287040E-3
0.001848	-3.373809E-1	-3.364144E-1	-3.360922E-1	50E-9	1.2287040E-3
0.001852	-3.360922E-1	-3.373809E-1	-3.360922E-1	50E-9	1.2287040E-3
0.001856	-3.351257E-1	-3.418911E-1	-3.425355E-1	50E-9	1.2287040E-3
0.00186	-3.428576E-1	-3.415690E-1	-3.418911E-1	50E-9	1.2287040E-3
0.001864	-3.412468E-1	-3.428576E-1	-3.431798E-1	50E-9	1.2287040E-3
0.001868	-3.435020E-1	-3.412468E-1	-3.444684E-1	50E-9	1.2287040E-3
0.001872	-3.422133E-1	-3.412468E-1	-3.431798E-1	50E-9	1.2287040E-3
0.001876	-3.438241E-1	-3.441463E-1	-3.415690E-1	50E-9	1.2287040E-3
0.00188	-3.412468E-1	-3.412468E-1	-3.431798E-1	50E-9	1.2287040E-3
0.001884	-3.428576E-1	-3.412468E-1	-3.415690E-1	50E-9	1.2287040E-3
0.001888	-3.422133E-1	-3.428576E-1	-3.412468E-1	50E-9	1.2287040E-3
0.001892	-3.431798E-1	-3.431798E-1	-3.415690E-1	50E-9	1.2287040E-3
0.001896	-3.406025E-1	-3.428576E-1	-3.428576E-1	50E-9	1.2287040E-3
0.0019	-3.431798E-1	-3.435020E-1	-3.425355E-1	50E-9	1.2287040E-3
0.001904	-3.415690E-1	-3.460793E-1	-3.483344E-1	50E-9	1.2287040E-3
0.001908	-3.470457E-1	-3.438241E-1	-3.460793E-1	50E-9	1.2287040E-3
0.001912	-3.467236E-1	-3.460793E-1	-3.476901E-1	50E-9	1.2287040E-3
0.001916	-3.460793E-1	-3.460793E-1	-3.480122E-1	50E-9	1.2287040E-3
0.00192	-3.460793E-1	-3.470457E-1	-3.464014E-1	50E-9	1.2287040E-3
0.001924	-3.480122E-1	-3.476901E-1	-3.451128E-1	50E-9	1.2287040E-3
0.001928	-3.473679E-1	-3.515560E-1	-3.518782E-1	50E-9	1.2287040E-3
0.001932	-3.502674E-1	-3.499452E-1	-3.525225E-1	50E-9	1.2287040E-3
0.001936	-3.518782E-1	-3.522003E-1	-3.528447E-1	50E-9	1.2287040E-3
0.00194	-3.505895E-1	-3.518782E-1	-3.525225E-1	50E-9	1.2287040E-3
0.001944	-3.496230E-1	-3.518782E-1	-3.531668E-1	50E-9	1.2287040E-3
0.001948	-3.509117E-1	-3.518782E-1	-3.502674E-1	50E-9	1.2287040E-3
0.001952	-3.512339E-1	-3.557441E-1	-3.560663E-1	50E-9	1.2287040E-3
0.001956	-3.554220E-1	-3.563885E-1	-3.586436E-1	50E-9	1.2287040E-3
0.00196	-3.557441E-1	-3.576771E-1	-3.563885E-1	50E-9	1.2287040E-3
0.001964	-3.576771E-1	-3.550998E-1	-3.576771E-1	50E-9	1.2287040E-3
0.001968	-3.563885E-1	-3.567106E-1	-3.560663E-1	50E-9	1.2287040E-3
0.001972	-3.563885E-1	-3.550998E-1	-3.557441E-1	50E-9	1.2287040E-3
0.001976	-3.576771E-1	-3.550998E-1	-3.557441E-1	50E-9	1.2287040E-3
0.00198	-3.560663E-1	-3.563885E-1	-3.563885E-1	50E-9	1.2287040E-3
0.001984	-3.563885E-1	-3.570328E-1	-3.560663E-1	50E-9	1.2287040E-3
0.001988	-3.579993E-1	-3.560663E-1	-3.567106E-1	50E-9	1.2287040E-3
0.001992	-3.576771E-1	-3.579993E-1	-3.554220E-1	50E-9	1.2287040E-3
0.001996	-3.563885E-1	-3.567106E-1	-3.550998E-1	50E-9	1.2287040E-3
0.002	-3.592879E-1	-3.557441E-1	-3.615431E-1	50E-9	1.2287040E-3
0.002004	-3.615431E-1	-3.612209E-1	-3.608987E-1	50E-9	1.2287040E-3
0.002008	-3.615431E-1	-3.618652E-1	-3.621874E-1	50E-9	1.2287040E-3
0.002012	-3.608987E-1	-3.605766E-1	-3.608987E-1	50E-9	1.2287040E-3
0.002016	-3.641204E-1	-3.602544E-1	-3.618652E-1	50E-9	1.2287040E-3
0.00202	-3.602544E-1	-3.605766E-1	-3.625096E-1	50E-9	1.2287040E-3
0.002024	-3.596101E-1	-3.608987E-1	-3.666977E-1	50E-9	1.2287040E-3
0.002028	-3.657312E-1	-3.666977E-1	-3.670198E-1	50E-9	1.2287040E-3
0.002032	-3.647647E-1	-3.650869E-1	-3.657312E-1	50E-9	1.2287040E-3
0.002036	-3.676642E-1	-3.673420E-1	-3.670198E-1	50E-9	1.2287040E-3
0.00204	-3.657312E-1	-3.657312E-1	-3.663755E-1	50E-9	1.2287040E-3
0.002044	-3.689528E-1	-3.676642E-1	-3.670198E-1	50E-9	1.2287040E-3
0.002048	-3.673420E-1	-3.666977E-1	-3.718523E-1	50E-9	1.2287040E-3
0.002052	-3.712080E-1	-3.689528E-1	-3.718523E-1	50E-9	1.2287040E-3
0.002056	-3.721744E-1	-3.712080E-1	-3.705636E-1	50E-9	1.2287040E-3
0.00206	-3.702415E-1	-3.721744E-1	-3.715301E-1	50E-9	1.2287040E-3
0.002064	-3.724966E-1	-3.712080E-1	-3.712080E-1	50E-9	1.2287040E-3
0.002068	-3.699193E-1	-3.705636E-1	-3.721744E-1	50E-9	1.2287040E-3
0.002072	-3.715301E-1	-3.721744E-1	-3.708858E-1	50E-9	1.2287040E-3
0.002076	-3.770069E-1	-3.753961E-1	-3.760404E-1	50E-9	1.2287040E-3
0.00208	-3.770069E-1	-3.770069E-1	-3.757182E-1	50E-9	1.2287040E-3
0.002084	-3.747517E-1	-3.757182E-1	-3.760404E-1	50E-9	1.2287040E-3
0.002088	-3.757182E-1	-3.744296E-1	-3.757182E-1	50E-9	1.2287040E-3
0.002092	-3.766847E-1	-3.747517E-1	-3.773291E-1	50E-9	1.2287040E-3
0.002096	-3.766847E-1	-3.795842E-1	-3.760404E-1	50E-9	1.2287040E-3
0.0021	-3.763626E-1	-3.757182E-1	-3.773291E-1	50E-9	1.2287040E-3
0.002104	-3.760404E-1	-3.757182E-1	-3.766847E-1	50E-9	1.2287040E-3
0.002108	-3.766847E-1	-3.779734E-1	-3.750739E-1	50E-9	1.2287040E-3
0.002112	-3.760404E-1	-3.782955E-1	-3.779734E-1	50E-9	1.2287040E-3
0.002116	-3.753961E-1	-3.750739E-1	-3.792620E-1	50E-9	1.2287040E-3
0.00212	-3.763626E-1	-3.773291E-1	-3.757182E-1	50E-9	1.2287040E-3
0.002124	-3.818393E-1	-3.805507E-1	-3.834501E-1	50E-9	1.2287040E-3
0.002128	-3.805507E-1	-3.815172E-1	-3.808728E-1	50E-9	1.2287040E-3
0.002132	-3.815172E-1	-3.815172E-1	-3.802285E-1	50E-9	1.2287040E-3
0.002136	-3.795842E-1	-3.815172E-1	-3.805507E-1	50E-9	1.2287040E-3
0.00214	-3.799064E-1	-3.811950E-1	-3.818393E-1	50E-9	1.2287040E-3
0.002144	-3.805507E-1	-3.821615E-1	-3.815172E-1	50E-9	1.2287040E-3
0.002148	-3.847388E-1	-3.853831E-1	-3.857053E-1	50E-9	1.2287040E-3
0.002152	-3.860274E-1	-3.853831E-1	-3.869939E-1	50E-9	1.2287040E-3
0.002156	-3.840945E-1	-3.869939E-1	-3.850610E-1	50E-9	1.2287040E-3
0.00216	-3.844166E-1	-3.866718E-1	-3.847388E-1	50E-9	1.2287040E-3
0.002164	-3.869939E-1	-3.879604E-1	-3.853831E-1	50E-9	1.2287040E-3
0.002168	-3.876383E-1	-3.860274E-1	-3.863496E-1	50E-9	1.2287040E-3
0.002172	-3.908599E-1	-3.902156E-1	-3.905377E-1	50E-9	1.2287040E-3
0.002176	-3.918264E-1	-3.905377E-1	-3.908599E-1	50E-9	1.2287040E-3
0.00218	-3.895712E-1	-3.908599E-1	-3.895712E-1	50E-9	1.2287040E-3
0.002184	-3.911821E-1	-3.918264E-1	-3.921485E-1	50E-9	1.2287040E-3
0.002188	-3.921485E-1	-3.911821E-1	-3.921485E-1	50E-9	1.2287040E-3
0.002192	-3.915042E-1	-3.911821E-1	-3.931150E-1	50E-9	1.2287040E-3
0.002196	-3.931150E-1	-3.898934E-1	-3.895712E-1	50E-9	1.2287040E-3
0.0022	-3.915042E-1	-3.905377E-1	-3.902156E-1	50E-9	1.2287040E-3
0.002204	-3.902156E-1	-3.902156E-1	-3.908599E-1	50E-9	1.2287040E-3
0.002208	-3.905377E-1	-3.908599E-1	-3.915042E-1	50E-9	1.2287040E-3
0.002212	-3.898934E-1	-3.915042E-1	-3.902156E-1	50E-9	1.2287040E-3
0.002216	-3.902156E-1	-3.915042E-1	-3.898934E-1	50E-9	1.2287040E-3
0.00222	-3.931150E-1	-3.950480E-1	-3.979475E-1	50E-9	1.2287040E-3
0.002224	-3.956923E-1	-3.973032E-1	-3.969810E-1	50E-9	1.2287040E-3
0.002228	-3.953702E-1	-3.953702E-1	-3.956923E-1	50E-9	1.2287040E-3
0.002232	-3.956923E-1	-3.985918E-1	-3.953702E-1	50E-9	1.2287040E-3
0.002236	-3.956923E-1	-3.953702E-1	-3.947258E-1	50E-9	1.2287040E-3
0.00224	-3.953702E-1	-3.963367E-1	-3.953702E-1	50E-9	1.2287040E-3
0.002244	-3.966588E-1	-4.005248E-1	-4.011691E-1	50E-9	1.2287040E-3
0.002248	-4.011691E-1	-3.995583E-1	-3.998805E-1	50E-9	1.2287040E-3
0.002252	-4.002026E-1	-4.018134E-1	-3.992361E-1	50E-9	1.2287040E-3
0.002256	-4.011691E-1	-4.005248E-1	-3.982696E-1	50E-9	1.2287040E-3
0.00226	-4.021356E-1	-3.989140E-1	-4.011691E-1	50E-9	1.2287040E-3
0.002264	-4.005248E-1	-4.014913E-1	-4.008469E-1	50E-9	1.2287040E-3
0.002268	-3.998805E-1	-4.060015E-1	-4.060015E-1	50E-9	1.2287040E-3
0.002272	-4.024578E-1	-4.053572E-1	-4.072902E-1	50E-9	1.2287040E-3
0.002276	-4.053572E-1	-4.053572E-1	-4.066459E-1	50E-9	1.2287040E-3
0.00228	-4.047129E-1	-4.053572E-1	-4.069680E-1	50E-9	1.2287040E-3
0.002284	-4.047129E-1	-4.043907E-1	-4.063237E-1	50E-9	1.2287040E-3
0.002288	-4.047129E-1	-4.047129E-1	-4.047129E-1	50E-9	1.2287040E-3
0.002292	-4.056794E-1	-4.053572E-1	-4.047129E-1	50E-9	1.2287040E-3
0.002296	-4.050351E-1	-4.063237E-1	-4.056794E-1	50E-9	1.2287040E-3
0.0023	-4.056794E-1	-4.047129E-1	-4.066459E-1	50E-9	1.2287040E-3
0.002304	-4.047129E-1	-4.040686E-1	-4.047129E-1	50E-9	1.2287040E-3
0.002308	-4.053572E-1	-4.079345E-1	-4.047129E-1	50E-9	1.2287040E-3
0.002312	-4.056794E-1	-4.063237E-1	-4.076124E-1	50E-9	1.2287040E-3
0.002316	-4.063237E-1	-4.056794E-1	-4.101897E-1	50E-9	1.2287040E-3
0.00232	-4.114783E-1	-4.101897E-1	-4.101897E-1	50E-9	1.2287040E-3
0.002324	-4.092232E-1	-4.085789E-1	-4.105118E-1	50E-9	1.2287040E-3
0.002328	-4.085789E-1	-4.092232E-1	-4.101897E-1	50E-9	1.2287040E-3
0.002332	-4.095453E-1	-4.085789E-1	-4.105118E-1	50E-9	1.2287040E-3
0.002336	-4.095453E-1	-4.095453E-1	-4.105118E-1	50E-9	1.2287040E-3
0.00234	-4.098675E-1	-4.108340E-1	-4.185659E-1	50E-9	1.2287040E-3
0.002344	-4.153443E-1	-4.153443E-1	-4.153443E-1	50E-9	1.2287040E-3
0.002348	-4.140556E-1	-4.156664E-1	-4.146999E-1	50E-9	1.2287040E-3
0.002352	-4.130891E-1	-4.150221E-1	-4.150221E-1	50E-9	1.2287040E-3
0.002356	-4.166329E-1	-4.163108E-1	-4.137335E-1	50E-9	1.2287040E-3
0.00236	-4.153443E-1	-4.166329E-1	-4.156664E-1	50E-9	1.2287040E-3
0.002364	-4.146999E-1	-4.146999E-1	-4.208210E-1	50E-9	1.2287040E-3
0.002368	-4.224319E-1	-4.204989E-1	-4.214654E-1	50E-9	1.2287040E-3
0.002372	-4.198546E-1	-4.188881E-1	-4.217875E-1	50E-9	1.2287040E-3
0.002376	-4.188881E-1	-4.217875E-1	-4.224319E-1	50E-9	1.2287040E-3
0.00238	-4.208210E-1	-4.195324E-1	-4.211432E-1	50E-9	1.2287040E-3
0.002384	-4.185659E-1	-4.192102E-1	-4.211432E-1	50E-9	1.2287040E-3
0.002388	-4.195324E-1	-4.201767E-1	-4.243648E-1	50E-9	1.2287040E-3
0.002392	-4.250092E-1	-4.262978E-1	-4.243648E-1	50E-9	1.2287040E-3
0.002396	-4.266200E-1	-4.269421E-1	-4.250092E-1	50E-9	1.2287040E-3
0.0024	-4.259756E-1	-4.259756E-1	-4.256535E-1	50E-9	1.2287040E-3
0.002404	-4.256535E-1	-4.250092E-1	-4.269421E-1	50E-9	1.2287040E-3
0.002408	-4.250092E-1	-4.256535E-1	-4.246870E-1	50E-9	1.2287040E-3
0.002412	-4.262978E-1	-4.243648E-1	-4.269421E-1	50E-9	1.2287040E-3
0.002416	-4.243648E-1	-4.243648E-1	-4.246870E-1	50E-9	1.2287040E-3
0.00242	-4.250092E-1	-4.243648E-1	-4.243648E-1	50E-9	1.2287040E-3
0.002424	-4.253313E-1	-4.253313E-1	-4.259756E-1	50E-9	1.2287040E-3
0.002428	-4.256535E-1	-4.243648E-1	-4.256535E-1	50E-9	1.2287040E-3
0.002432	-4.250092E-1	-4.266200E-1	-4.282308E-1	50E-9	1.2287040E-3
0.002436	-4.240427E-1	-4.253313E-1	-4.250092E-1	50E-9	1.2287040E-3
0.00244	-4.311303E-1	-4.304859E-1	-4.327411E-1	50E-9	1.2287040E-3
0.002444	-4.314524E-1	-4.298416E-1	-4.298416E-1	50E-9	1.2287040E-3
0.002448	-4.301638E-1	-4.327411E-1	-4.308081E-1	50E-9	1.2287040E-3
0.002452	-4.285530E-1	-4.298416E-1	-4.288751E-1	50E-9	1.2287040E-3
0.002456	-4.288751E-1	-4.298416E-1	-4.291973E-1	50E-9	1.2287040E-3
0.00246	-4.298416E-1	-4.301638E-1	-4.291973E-1	50E-9	1.2287040E-3
0.002464	-4.330632E-1	-4.366070E-1	-4.356405E-1	50E-9	1.2287040E-3
0.002468	-4.346740E-1	-4.356405E-1	-4.378957E-1	50E-9	1.2287040E-3
0.002472	-4.359627E-1	-4.340297E-1	-4.349962E-1	50E-9	1.2287040E-3
0.002476	-4.346740E-1	-4.333854E-1	-4.359627E-1	50E-9	1.2287040E-3
0.00248	-4.340297E-1	-4.353184E-1	-4.366070E-1	50E-9	1.2287040E-3
0.002484	-4.356405E-1	-4.356405E-1	-4.362849E-1	50E-9	1.2287040E-3
0.002488	-4.407951E-1	-4.401508E-1	-4.398287E-1	50E-9	1.2287040E-3
0.002492	-4.385400E-1	-4.395065E-1	-4.414395E-1	50E-9	1.2287040E-3
0.002496	-4.407951E-1	-4.401508E-1	-4.417616E-1	50E-9	1.2287040E-3
0.0025	-4.391843E-1	-4.404730E-1	-4.388622E-1	50E-9	1.2287040E-3
0.002504	-4.398287E-1	-4.404730E-1	-4.401508E-1	50E-9	1.2287040E-3
0.002508	-4.398287E-1	-4.398287E-1	-4.398287E-1	50E-9	1.2287040E-3
0.002512	-4.404730E-1	-4.398287E-1	-4.388622E-1	50E-9	1.2287040E-3
0.002516	-4.404730E-1	-4.414395E-1	-4.407951E-1	50E-9	1.2287040E-3
0.00252	-4.388622E-1	-4.398287E-1	-4.417616E-1	50E-9	1.2287040E-3
0.002524	-4.430503E-1	-4.398287E-1	-4.404730E-1	50E-9	1.2287040E-3
0.002528	-4.398287E-1	-4.404730E-1	-4.407951E-1	50E-9	1.2287040E-3
0.002532	-4.407951E-1	-4.395065E-1	-4.382178E-1	50E-9	1.2287040E-3
0.002536	-4.453054E-1	-4.459497E-1	-4.449833E-1	50E-9	1.2287040E-3
0.00254	-4.443389E-1	-4.427281E-1	-4.459497E-1	50E-9	1.2287040E-3
0.002544	-4.443389E-1	-4.436946E-1	-4.469162E-1	50E-9	1.2287040E-3
0.002548	-4.449833E-1	-4.427281E-1	-4.453054E-1	50E-9	1.2287040E-3
0.002552	-4.443389E-1	-4.456276E-1	-4.449833E-1	50E-9	1.2287040E-3
0.002556	-4.443389E-1	-4.456276E-1	-4.462719E-1	50E-9	1.2287040E-3
0.00256	-4.443389E-1	-4.507822E-1	-4.517487E-1	50E-9	1.2287040E-3
0.002564	-4.501379E-1	-4.491714E-1	-4.504600E-1	50E-9	1.2287040E-3
0.002568	-4.501379E-1	-4.491714E-1	-4.507822E-1	50E-9	1.2287040E-3
0.002572	-4.511044E-1	-4.511044E-1	-4.520708E-1	50E-9	1.2287040E-3
0.002576	-4.517487E-1	-4.504600E-1	-4.494935E-1	50E-9	1.2287040E-3
0.00258	-4.491714E-1	-4.498157E-1	-4.494935E-1	50E-9	1.2287040E-3
0.002584	-4.507822E-1	-4.543260E-1	-4.562590E-1	50E-9	1.2287040E-3
0.002588	-4.543260E-1	-4.536817E-1	-4.559368E-1	50E-9	1.2287040E-3
0.002592	-4.523930E-1	-4.546481E-1	-4.552925E-1	50E-9	1.2287040E-3
0.002596	-4.552925E-1	-4.556146E-1	-4.533595E-1	50E-9	1.2287040E-3
0.0026	-4.540038E-1	-4.523930E-1	-4.556146E-1	50E-9	1.2287040E-3
0.002604	-4.556146E-1	-4.543260E-1	-4.543260E-1	50E-9	1.2287040E-3
0.002608	-4.562590E-1	-4.585141E-1	-4.591584E-1	50E-9	1.2287040E-3
0.002612	-4.598028E-1	-4.620579E-1	-4.588363E-1	50E-9	1.2287040E-3
0.002616	-4.585141E-1	-4.578698E-1	-4.607692E-1	50E-9	1.2287040E-3
0.00262	-4.607692E-1	-4.598028E-1	-4.594806E-1	50E-9	1.2287040E-3
0.002624	-4.598028E-1	-4.604471E-1	-4.604471E-1	50E-9	1.2287040E-3
0.002628	-4.620579E-1	-4.623801E-1	-4.581919E-1	50E-9	1.2287040E-3
0.002632	-4.578698E-1	-4.610914E-1	-4.594806E-1	50E-9	1.2287040E-3
0.002636	-4.594806E-1	-4.578698E-1	-4.591584E-1	50E-9	1.2287040E-3
0.00264	-4.594806E-1	-4.591584E-1	-4.610914E-1	50E-9	1.2287040E-3
0.002644	-4.591584E-1	-4.607692E-1	-4.581919E-1	50E-9	1.2287040E-3
0.002648	-4.598028E-1	-4.594806E-1	-4.594806E-1	50E-9	1.2287040E-3
0.002652	-4.575476E-1	-4.585141E-1	-4.601249E-1	50E-9	1.2287040E-3
0.002656	-4.610914E-1	-4.646352E-1	-4.646352E-1	50E-9	1.2287040E-3
0.00266	-4.649574E-1	-4.639909E-1	-4.662460E-1	50E-9	1.2287040E-3
0.002664	-4.656017E-1	-4.639909E-1	-4.659238E-1	50E-9	1.2287040E-3
0.002668	-4.656017E-1	-4.630244E-1	-4.656017E-1	50E-9	1.2287040E-3
0.002672	-4.652795E-1	-4.639909E-1	-4.649574E-1	50E-9	1.2287040E-3
0.002676	-4.656017E-1	-4.656017E-1	-4.643130E-1	50E-9	1.2287040E-3
0.00268	-4.643130E-1	-4.643130E-1	-4.694676E-1	50E-9	1.2287040E-3
0.002684	-4.704341E-1	-4.688233E-1	-4.678568E-1	50E-9	1.2287040E-3
0.002688	-4.694676E-1	-4.707563E-1	-4.691455E-1	50E-9	1.2287040E-3
0.002692	-4.717228E-1	-4.704341E-1	-4.710785E-1	50E-9	1.2287040E-3
0.002696	-4.697898E-1	-4.717228E-1	-4.714006E-1	50E-9	1.2287040E-3
0.0027	-4.688233E-1	-4.688233E-1	-4.688233E-1	50E-9	1.2287040E-3
0.002704	-4.691455E-1	-4.691455E-1	-4.746222E-1	50E-9	1.2287040E-3
0.002708	-4.755887E-1	-4.720449E-1	-4.762331E-1	50E-9	1.2287040E-3
0.002712	-4.739779E-1	-4.736558E-1	-4.739779E-1	50E-9	1.2287040E-3
0.002716	-4.759109E-1	-4.749444E-1	-4.739779E-1	50E-9	1.2287040E-3
0.00272	-4.755887E-1	-4.749444E-1	-4.759109E-1	50E-9	1.2287040E-3
0.002724	-4.759109E-1	-4.755887E-1	-4.739779E-1	50E-9	1.2287040E-3
0.002728	-4.752666E-1	-4.743001E-1	-4.743001E-1	50E-9	1.2287040E-3
0.002732	-4.736558E-1	-4.755887E-1	-4.749444E-1	50E-9	1.2287040E-3
0.002736	-4.759109E-1	-4.762331E-1	-4.759109E-1	50E-9	1.2287040E-3
0.00274	-4.736558E-1	-4.746222E-1	-4.752666E-1	50E-9	1.2287040E-3
0.002744	-4.746222E-1	-4.765552E-1	-4.730114E-1	50E-9	1.2287040E-3
0.002748	-4.739779E-1	-4.739779E-1	-4.743001E-1	50E-9	1.2287040E-3
0.002752	-4.752666E-1	-4.759109E-1	-4.791325E-1	50E-9	1.2287040E-3
0.002756	-4.781660E-1	-4.797769E-1	-4.788104E-1	50E-9	1.2287040E-3
0.00276	-4.788104E-1	-4.781660E-1	-4.810655E-1	50E-9	1.2287040E-3
0.002764	-4.781660E-1	-4.788104E-1	-4.804212E-1	50E-9	1.2287040E-3
0.002768	-4.807433E-1	-4.778439E-1	-4.797769E-1	50E-9	1.2287040E-3
0.002772	-4.813877E-1	-4.804212E-1	-4.813877E-1	50E-9	1.2287040E-3
0.002776	-4.784882E-1	-4.800990E-1	-4.836428E-1	50E-9	1.2287040E-3
0.00278	-4.836428E-1	-4.862201E-1	-4.839650E-1	50E-9	1.2287040E-3
0.002784	-4.849315E-1	-4.865423E-1	-4.855758E-1	50E-9	1.2287040E-3
0.002788	-4.833206E-1	-4.862201E-1	-4.868644E-1	50E-9	1.2287040E-3
0.002792	-4.852536E-1	-4.842871E-1	-4.852536E-1	50E-9	1.2287040E-3
0.002796	-4.849315E-1	-4.846093E-1	-4.862201E-1	50E-9	1.2287040E-3
0.0028	-4.858979E-1	-4.852536E-1	-4.849315E-1	50E-9	1.2287040E-3
0.002804	-4.887974E-1	-4.881531E-1	-4.910526E-1	50E-9	1.2287040E-3
0.002808	-4.900861E-1	-4.878309E-1	-4.891196E-1	50E-9	1.2287040E-3
0.002812	-4.865423E-1	-4.900861E-1	-4.881531E-1	50E-9	1.2287040E-3
0.002816	-4.887974E-1	-4.910526E-1	-4.884753E-1	50E-9	1.2287040E-3
0.00282	-4.884753E-1	-4.884753E-1	-4.904082E-1	50E-9	1.2287040E-3
0.002824	-4.884753E-1	-4.887974E-1	-4.904082E-1	50E-9	1.2287040E-3
0.002828	-4.894417E-1	-4.900861E-1	-4.900861E-1	50E-9	1.2287040E-3
0.002832	-4.897639E-1	-4.891196E-1	-4.881531E-1	50E-9	1.2287040E-3
0.002836	-4.926634E-1	-4.894417E-1	-4.884753E-1	50E-9	1.2287040E-3
0.00284	-4.878309E-1	-4.894417E-1	-4.900861E-1	50E-9	1.2287040E-3
0.002844	-4.894417E-1	-4.891196E-1	-4.894417E-1	50E-9	1.2287040E-3
0.002848	-4.894417E-1	-4.887974E-1	-4.894417E-1	50E-9	1.2287040E-3
0.002852	-4.942742E-1	-4.949185E-1	-4.955628E-1	50E-9	1.2287040E-3
0.002856	-4.926634E-1	-4.945963E-1	-4.958850E-1	50E-9	1.2287040E-3
0.00286	-4.942742E-1	-4.952407E-1	-4.962072E-1	50E-9	1.2287040E-3
0.002864	-4.936299E-1	-4.942742E-1	-4.942742E-1	50E-9	1.2287040E-3
0.002868	-4.939520E-1	-4.955628E-1	-4.936299E-1	50E-9	1.2287040E-3
0.002872	-4.933077E-1	-4.939520E-1	-4.952407E-1	50E-9	1.2287040E-3
0.002876	-5.003953E-1	-4.984623E-1	-4.997510E-1	50E-9	1.2287040E-3
0.00288	-4.984623E-1	-4.984623E-1	-5.013618E-1	50E-9	1.2287040E-3
0.002884	-4.991066E-1	-4.981401E-1	-5.003953E-1	50E-9	1.2287040E-3
0.002888	-5.003953E-1	-5.003953E-1	-5.010396E-1	50E-9	1.2287040E-3
0.002892	-5.010396E-1	-4.997510E-1	-4.984623E-1	50E-9	1.2287040E-3
0.002896	-5.007174E-1	-4.978180E-1	-5.000731E-1	50E-9	1.2287040E-3
0.0029	-5.052277E-1	-5.042612E-1	-5.036169E-1	50E-9	1.2287040E-3
0.002904	-5.036169E-1	-5.045834E-1	-5.042612E-1	50E-9	1.2287040E-3
0.002908	-5.055499E-1	-5.049056E-1	-5.042612E-1	50E-9	1.2287040E-3
0.002912	-5.045834E-1	-5.042612E-1	-5.049056E-1	50E-9	1.2287040E-3
0.002916	-5.039391E-1	-5.036169E-1	-5.032947E-1	50E-9	1.2287040E-3
0.00292	-5.055499E-1	-5.065164E-1	-5.036169E-1	50E-9	1.2287040E-3
0.002924	-5.045834E-1	-5.081272E-1	-5.061942E-1	50E-9	1.2287040E-3
0.002928	-5.100602E-1	-5.074829E-1	-5.103823E-1	50E-9	1.2287040E-3
0.002932	-5.084494E-1	-5.097380E-1	-5.100602E-1	50E-9	1.2287040E-3
0.002936	-5.094158E-1	-5.094158E-1	-5.090937E-1	50E-9	1.2287040E-3
0.00294	-5.081272E-1	-5.084494E-1	-5.110267E-1	50E-9	1.2287040E-3
0.002944	-5.084494E-1	-5.094158E-1	-5.103823E-1	50E-9	1.2287040E-3
0.002948	-5.084494E-1	-5.100602E-1	-5.097380E-1	50E-9	1.2287040E-3
0.002952	-5.094158E-1	-5.100602E-1	-5.087715E-1	50E-9	1.2287040E-3
0.002956	-5.097380E-1	-5.081272E-1	-5.087715E-1	50E-9	1.2287040E-3
0.00296	-5.087715E-1	-5.094158E-1	-5.090937E-1	50E-9	1.2287040E-3
0.002964	-5.113488E-1	-5.084494E-1	-5.084494E-1	50E-9	1.2287040E-3
0.002968	-5.090937E-1	-5.107045E-1	-5.071607E-1	50E-9	1.2287040E-3
0.002972	-5.078050E-1	-5.136040E-1	-5.142483E-1	50E-9	1.2287040E-3
0.002976	-5.145705E-1	-5.126375E-1	-5.136040E-1	50E-9	1.2287040E-3
0.00298	-5.145705E-1	-5.139261E-1	-5.110267E-1	50E-9	1.2287040E-3
0.002984	-5.142483E-1	-5.152148E-1	-5.126375E-1	50E-9	1.2287040E-3
0.002988	-5.136040E-1	-5.148926E-1	-5.148926E-1	50E-9	1.2287040E-3
0.002992	-5.148926E-1	-5.136040E-1	-5.129596E-1	50E-9	1.2287040E-3
0.002996	-5.136040E-1	-5.184364E-1	-5.200472E-1	50E-9	1.2287040E-3
0.003	-5.190807E-1	-5.177921E-1	-5.161813E-1	50E-9	1.2287040E-3
0.003004	-5.187586E-1	-5.187586E-1	-5.200472E-1	50E-9	1.2287040E-3
0.003008	-5.190807E-1	-5.184364E-1	-5.177921E-1	50E-9	1.2287040E-3
0.003012	-5.194029E-1	-5.184364E-1	-5.181142E-1	50E-9	1.2287040E-3
0.003016	-5.177921E-1	-5.197251E-1	-5.187586E-1	50E-9	1.2287040E-3
0.00302	-5.177921E-1	-5.200472E-1	-5.235910E-1	50E-9	1.2287040E-3
0.003024	-5.242353E-1	-5.245575E-1	-5.229467E-1	50E-9	1.2287040E-3
0.003028	-5.232688E-1	-5.248797E-1	-5.248797E-1	50E-9	1.2287040E-3
0.003032	-5.223024E-1	-5.245575E-1	-5.242353E-1	50E-9	1.2287040E-3
0.003036	-5.232688E-1	-5.245575E-1	-5.223024E-1	50E-9	1.2287040E-3
0.00304	-5.248797E-1	-5.248797E-1	-5.239132E-1	50E-9	1.2287040E-3
0.003044	-5.248797E-1	-5.232688E-1	-5.239132E-1	50E-9	1.2287040E-3
0.003048	-5.235910E-1	-5.242353E-1	-5.248797E-1	50E-9	1.2287040E-3
0.003052	-5.229467E-1	-5.235910E-1	-5.242353E-1	50E-9	1.2287040E-3
0.003056	-5.235910E-1	-5.239132E-1	-5.242353E-1	50E-9	1.2287040E-3
0.00306	-5.223024E-1	-5.252018E-1	-5.229467E-1	50E-9	1.2287040E-3
0.003064	-5.226245E-1	-5.229467E-1	-5.245575E-1	50E-9	1.2287040E-3
0.003068	-5.242353E-1	-5.229467E-1	-5.284235E-1	50E-9	1.2287040E-3
0.003072	-5.284235E-1	-5.281013E-1	-5.281013E-1	50E-9	1.2287040E-3
0.003076	-5.274570E-1	-5.281013E-1	-5.290678E-1	50E-9	1.2287040E-3
0.00308	-5.274570E-1	-5.277791E-1	-5.281013E-1	50E-9	1.2287040E-3
0.003084	-5.261683E-1	-5.268126E-1	-5.277791E-1	50E-9	1.2287040E-3
0.003088	-5.290678E-1	-5.293899E-1	-5.284235E-1	50E-9	1.2287040E-3
0.003092	-5.297121E-1	-5.284235E-1	-5.326116E-1	50E-9	1.2287040E-3
0.003096	-5.313229E-1	-5.329337E-1	-5.322894E-1	50E-9	1.2287040E-3
0.0031	-5.329337E-1	-5.329337E-1	-5.332559E-1	50E-9	1.2287040E-3
0.003104	-5.332559E-1	-5.339002E-1	-5.335781E-1	50E-9	1.2287040E-3
0.003108	-5.345446E-1	-5.335781E-1	-5.339002E-1	50E-9	1.2287040E-3
0.003112	-5.319672E-1	-5.322894E-1	-5.322894E-1	50E-9	1.2287040E-3
0.003116	-5.316451E-1	-5.339002E-1	-5.367997E-1	50E-9	1.2287040E-3
0.00312	-5.393770E-1	-5.384105E-1	-5.374440E-1	50E-9	1.2287040E-3
0.003124	-5.377662E-1	-5.400213E-1	-5.384105E-1	50E-9	1.2287040E-3
0.003128	-5.396992E-1	-5.409878E-1	-5.364775E-1	50E-9	1.2287040E-3
0.003132	-5.393770E-1	-5.377662E-1	-5.390548E-1	50E-9	1.2287040E-3
0.003136	-5.371219E-1	-5.380883E-1	-5.390548E-1	50E-9	1.2287040E-3
0.00314	-5.374440E-1	-5.393770E-1	-5.393770E-1	50E-9	1.2287040E-3
0.003144	-5.371219E-1	-5.374440E-1	-5.384105E-1	50E-9	1.2287040E-3
0.003148	-5.380883E-1	-5.387327E-1	-5.387327E-1	50E-9	1.2287040E-3
0.003152	-5.400213E-1	-5.364775E-1	-5.371219E-1	50E-9	1.2287040E-3
0.003156	-5.384105E-1	-5.390548E-1	-5.390548E-1	50E-9	1.2287040E-3
0.00316	-5.384105E-1	-5.390548E-1	-5.387327E-1	50E-9	1.2287040E-3
0.003164	-5.377662E-1	-5.377662E-1	-5.396992E-1	50E-9	1.2287040E-3
0.003168	-5.422765E-1	-5.451759E-1	-5.438873E-1	50E-9	1.2287040E-3
0.003172	-5.451759E-1	-5.406656E-1	-5.422765E-1	50E-9	1.2287040E-3
0.003176	-5.442094E-1	-5.435651E-1	-5.429208E-1	50E-9	1.2287040E-3
0.00318	-5.422765E-1	-5.422765E-1	-5.445316E-1	50E-9	1.2287040E-3
0.003184	-5.413100E-1	-5.422765E-1	-5.438873E-1	50E-9	1.2287040E-3
0.003188	-5.432430E-1	-5.442094E-1	-5.438873E-1	50E-9	1.2287040E-3
0.003192	-5.474311E-1	-5.496862E-1	-5.487197E-1	50E-9	1.2287040E-3
0.003196	-5.467867E-1	-5.496862E-1	-5.500084E-1	50E-9	1.2287040E-3
0.0032	-5.480754E-1	-5.490419E-1	-5.490419E-1	50E-9	1.2287040E-3
0.003204	-5.477532E-1	-5.467867E-1	-5.461424E-1	50E-9	1.2287040E-3
0.003208	-5.471089E-1	-5.503305E-1	-5.483976E-1	50E-9	1.2287040E-3
0.003212	-5.467867E-1	-5.506527E-1	-5.500084E-1	50E-9	1.2287040E-3
0.003216	-5.516192E-1	-5.525857E-1	-5.519414E-1	50E-9	1.2287040E-3
0.00322	-5.538743E-1	-5.519414E-1	-5.525857E-1	50E-9	1.2287040E-3
0.003224	-5.519414E-1	-5.522635E-1	-5.541965E-1	50E-9	1.2287040E-3
0.003228	-5.545187E-1	-5.538743E-1	-5.532300E-1	50E-9	1.2287040E-3
0.003232	-5.525857E-1	-5.529078E-1	-5.535522E-1	50E-9	1.2287040E-3
0.003236	-5.525857E-1	-5.525857E-1	-5.535522E-1	50E-9	1.2287040E-3
0.00324	-5.522635E-1	-5.522635E-1	-5.545187E-1	50E-9	1.2287040E-3
0.003244	-5.541965E-1	-5.525857E-1	-5.529078E-1	50E-9	1.2287040E-3
0.003248	-5.519414E-1	-5.529078E-1	-5.522635E-1	50E-9	1.2287040E-3
0.003252	-5.532300E-1	-5.538743E-1	-5.532300E-1	50E-9	1.2287040E-3
0.003256	-5.538743E-1	-5.541965E-1	-5.535522E-1	50E-9	1.2287040E-3
0.00326	-5.506527E-1	-5.548408E-1	-5.522635E-1	50E-9	1.2287040E-3
0.003264	-5.558073E-1	-5.577403E-1	-5.574181E-1	50E-9	1.2287040E-3
0.003268	-5.583846E-1	-5.587068E-1	-5.580624E-1	50E-9	1.2287040E-3
0.003272	-5.580624E-1	-5.583846E-1	-5.567738E-1	50E-9	1.2287040E-3
0.003276	-5.551630E-1	-5.574181E-1	-5.583846E-1	50E-9	1.2287040E-3
0.00328	-5.564516E-1	-5.574181E-1	-5.567738E-1	50E-9	1.2287040E-3
0.003284	-5.567738E-1	-5.570960E-1	-5.583846E-1	50E-9	1.2287040E-3
0.003288	-5.593511E-1	-5.619284E-1	-5.616062E-1	50E-9	1.2287040E-3
0.003292	-5.612841E-1	-5.638614E-1	-5.635392E-1	50E-9	1.2287040E-3
0.003296	-5.645057E-1	-5.622506E-1	-5.632171E-1	50E-9	1.2287040E-3
0.0033	-5.622506E-1	-5.641835E-1	-5.612841E-1	50E-9	1.2287040E-3
0.003304	-5.628949E-1	-5.606398E-1	-5.628949E-1	50E-9	1.2287040E-3
0.003308	-5.635392E-1	-5.628949E-1	-5.638614E-1	50E-9	1.2287040E-3
0.003312	-5.609619E-1	-5.667608E-1	-5.680495E-1	50E-9	1.2287040E-3
0.003316	-5.657944E-1	-5.667608E-1	-5.674052E-1	50E-9	1.2287040E-3
0.00332	-5.680495E-1	-5.667608E-1	-5.661165E-1	50E-9	1.2287040E-3
0.003324	-5.674052E-1	-5.661165E-1	-5.670830E-1	50E-9	1.2287040E-3
0.003328	-5.677273E-1	-5.680495E-1	-5.670830E-1	50E-9	1.2287040E-3
0.003332	-5.677273E-1	-5.674052E-1	-5.674052E-1	50E-9	1.2287040E-3
0.003336	-5.667608E-1	-5.712711E-1	-5.722376E-1	50E-9	1.2287040E-3
0.00334	-5.693382E-1	-5.712711E-1	-5.728819E-1	50E-9	1.2287040E-3
0.003344	-5.709490E-1	-5.715933E-1	-5.712711E-1	50E-9	1.2287040E-3
0.003348	-5.719155E-1	-5.722376E-1	-5.722376E-1	50E-9	1.2287040E-3
0.003352	-5.715933E-1	-5.719155E-1	-5.722376E-1	50E-9	1.2287040E-3
0.003356	-5.725598E-1	-5.735263E-1	-5.715933E-1	50E-9	1.2287040E-3
0.00336	-5.715933E-1	-5.719155E-1	-5.712711E-1	50E-9	1.2287040E-3
0.003364	-5.732041E-1	-5.715933E-1	-5.725598E-1	50E-9	1.2287040E-3
0.003368	-5.722376E-1	-5.715933E-1	-5.719155E-1	50E-9	1.2287040E-3
0.003372	-5.722376E-1	-5.719155E-1	-5.706268E-1	50E-9	1.2287040E-3
0.003376	-5.719155E-1	-5.728819E-1	-5.709490E-1	50E-9	1.2287040E-3
0.00338	-5.735263E-1	-5.728819E-1	-5.728819E-1	50E-9	1.2287040E-3
0.003384	-5.715933E-1	-5.725598E-1	-5.767479E-1	50E-9	1.2287040E-3
0.003388	-5.767479E-1	-5.764257E-1	-5.783587E-1	50E-9	1.2287040E-3
0.003392	-5.764257E-1	-5.751371E-1	-5.773922E-1	50E-9	1.2287040E-3
0.003396	-5.748149E-1	-5.777144E-1	-5.773922E-1	50E-9	1.2287040E-3
0.0034	-5.777144E-1	-5.767479E-1	-5.773922E-1	50E-9	1.2287040E-3
0.003404	-5.767479E-1	-5.777144E-1	-5.790030E-1	50E-9	1.2287040E-3
0.003408	-5.783587E-1	-5.767479E-1	-5.822247E-1	50E-9	1.2287040E-3
0.003412	-5.809360E-1	-5.822247E-1	-5.822247E-1	50E-9	1.2287040E-3
0.003416	-5.828690E-1	-5.809360E-1	-5.825468E-1	50E-9	1.2287040E-3
0.00342	-5.819025E-1	-5.812582E-1	-5.825468E-1	50E-9	1.2287040E-3
0.003424	-5.799695E-1	-5.822247E-1	-5.838355E-1	50E-9	1.2287040E-3
0.003428	-5.822247E-1	-5.831912E-1	-5.815803E-1	50E-9	1.2287040E-3
0.003432	-5.822247E-1	-5.825468E-1	-5.867350E-1	50E-9	1.2287040E-3
0.003436	-5.877014E-1	-5.873793E-1	-5.867350E-1	50E-9	1.2287040E-3
0.00344	-5.883458E-1	-5.873793E-1	-5.860906E-1	50E-9	1.2287040E-3
0.003444	-5.857685E-1	-5.860906E-1	-5.860906E-1	50E-9	1.2287040E-3
0.003448	-5.857685E-1	-5.864128E-1	-5.864128E-1	50E-9	1.2287040E-3
0.003452	-5.844798E-1	-5.864128E-1	-5.877014E-1	50E-9	1.2287040E-3
0.003456	-5.870571E-1	-5.889901E-1	-5.873793E-1	50E-9	1.2287040E-3
0.00346	-5.873793E-1	-5.877014E-1	-5.867350E-1	50E-9	1.2287040E-3
0.003464	-5.877014E-1	-5.860906E-1	-5.854463E-1	50E-9	1.2287040E-3
0.003468	-5.857685E-1	-5.877014E-1	-5.873793E-1	50E-9	1.2287040E-3
0.003472	-5.870571E-1	-5.873793E-1	-5.873793E-1	50E-9	1.2287040E-3
0.003476	-5.864128E-1	-5.873793E-1	-5.873793E-1	50E-9	1.2287040E-3
0.00348	-5.860906E-1	-5.857685E-1	-5.906009E-1	50E-9	1.2287040E-3
0.003484	-5.912452E-1	-5.928560E-1	-5.915674E-1	50E-9	1.2287040E-3
0.003488	-5.899566E-1	-5.925339E-1	-5.922117E-1	50E-9	1.2287040E-3
0.003492	-5.922117E-1	-5.935004E-1	-5.909231E-1	50E-9	1.2287040E-3
0.003496	-5.912452E-1	-5.909231E-1	-5.922117E-1	50E-9	1.2287040E-3
0.0035	-5.925339E-1	-5.925339E-1	-5.918896E-1	50E-9	1.2287040E-3
0.003504	-5.899566E-1	-5.909231E-1	-5.918896E-1	50E-9	1.2287040E-3
0.003508	-5.960777E-1	-5.986550E-1	-5.957555E-1	50E-9	1.2287040E-3
0.003512	-5.963998E-1	-5.970442E-1	-5.973663E-1	50E-9	1.2287040E-3
0.003516	-5.980107E-1	-5.976885E-1	-5.976885E-1	50E-9	1.2287040E-3
0.00352	-5.967220E-1	-5.973663E-1	-5.973663E-1	50E-9	1.2287040E-3
0.003524	-5.947890E-1	-5.992993E-1	-5.973663E-1	50E-9	1.2287040E-3
0.003528	-5.944669E-1	-5.963998E-1	-5.973663E-1	50E-9	1.2287040E-3
0.003532	-6.009101E-1	-5.999436E-1	-6.018766E-1	50E-9	1.2287040E-3
0.003536	-6.002658E-1	-6.021988E-1	-6.005880E-1	50E-9	1.2287040E-3
0.00354	-6.025209E-1	-6.021988E-1	-6.002658E-1	50E-9	1.2287040E-3
0.003544	-6.005880E-1	-6.034874E-1	-6.002658E-1	50E-9	1.2287040E-3
0.003548	-6.018766E-1	-6.018766E-1	-6.028431E-1	50E-9	1.2287040E-3
0.003552	-6.025209E-1	-6.009101E-1	-6.009101E-1	50E-9	1.2287040E-3
0.003556	-6.012323E-1	-6.021988E-1	-6.025209E-1	50E-9	1.2287040E-3
0.00356	-6.005880E-1	-6.021988E-1	-6.009101E-1	50E-9	1.2287040E-3
0.003564	-5.996215E-1	-6.025209E-1	-6.021988E-1	50E-9	1.2287040E-3
0.003568	-6.021988E-1	-6.021988E-1	-6.002658E-1	50E-9	1.2287040E-3
0.003572	-6.018766E-1	-6.009101E-1	-6.005880E-1	50E-9	1.2287040E-3
0.003576	-6.028431E-1	-6.021988E-1	-6.012323E-1	50E-9	1.2287040E-3
0.00358	-6.060647E-1	-6.050982E-1	-6.067091E-1	50E-9	1.2287040E-3
0.003584	-6.050982E-1	-6.073534E-1	-6.063869E-1	50E-9	1.2287040E-3
0.003588	-6.054204E-1	-6.050982E-1	-6.063869E-1	50E-9	1.2287040E-3
0.003592	-6.067091E-1	-6.057426E-1	-6.050982E-1	50E-9	1.2287040E-3
0.003596	-6.054204E-1	-6.057426E-1	-6.063869E-1	50E-9	1.2287040E-3
0.0036	-6.060647E-1	-6.060647E-1	-6.067091E-1	50E-9	1.2287040E-3
0.003604	-6.096085E-1	-6.099307E-1	-6.108972E-1	50E-9	1.2287040E-3
0.003608	-6.105750E-1	-6.096085E-1	-6.112193E-1	50E-9	1.2287040E-3
0.003612	-6.125080E-1	-6.096085E-1	-6.125080E-1	50E-9	1.2287040E-3
0.003616	-6.131523E-1	-6.112193E-1	-6.096085E-1	50E-9	1.2287040E-3
0.00362	-6.121858E-1	-6.125080E-1	-6.092864E-1	50E-9	1.2287040E-3
0.003624	-6.108972E-1	-6.105750E-1	-6.121858E-1	50E-9	1.2287040E-3
0.003628	-6.112193E-1	-6.147631E-1	-6.150853E-1	50E-9	1.2287040E-3
0.003632	-6.166961E-1	-6.147631E-1	-6.179848E-1	50E-9	1.2287040E-3
0.003636	-6.176626E-1	-6.160518E-1	-6.170183E-1	50E-9	1.2287040E-3
0.00364	-6.163739E-1	-6.176626E-1	-6.163739E-1	50E-9	1.2287040E-3
0.003644	-6.170183E-1	-6.166961E-1	-6.176626E-1	50E-9	1.2287040E-3
0.003648	-6.163739E-1	-6.170183E-1	-6.157296E-1	50E-9	1.2287040E-3
0.003652	-6.179848E-1	-6.154075E-1	-6.154075E-1	50E-9	1.2287040E-3
0.003656	-6.157296E-1	-6.147631E-1	-6.150853E-1	50E-9	1.2287040E-3
0.00366	-6.163739E-1	-6.179848E-1	-6.163739E-1	50E-9	1.2287040E-3
0.003664	-6.154075E-1	-6.150853E-1	-6.157296E-1	50E-9	1.2287040E-3
0.003668	-6.141188E-1	-6.160518E-1	-6.147631E-1	50E-9	1.2287040E-3
0.003672	-6.170183E-1	-6.150853E-1	-6.141188E-1	50E-9	1.2287040E-3
0.003676	-6.157296E-1	-6.199177E-1	-6.212064E-1	50E-9	1.2287040E-3
0.00368	-6.205621E-1	-6.221729E-1	-6.199177E-1	50E-9	1.2287040E-3
0.003684	-6.205621E-1	-6.212064E-1	-6.205621E-1	50E-9	1.2287040E-3
0.003688	-6.202399E-1	-6.231394E-1	-6.224950E-1	50E-9	1.2287040E-3
0.003692	-6.195956E-1	-6.205621E-1	-6.218507E-1	50E-9	1.2287040E-3
0.003696	-6.199177E-1	-6.192734E-1	-6.221729E-1	50E-9	1.2287040E-3
0.0037	-6.199177E-1	-6.270053E-1	-6.276497E-1	50E-9	1.2287040E-3
0.003704	-6.247502E-1	-6.263610E-1	-6.260388E-1	50E-9	1.2287040E-3
0.003708	-6.257167E-1	-6.263610E-1	-6.253945E-1	50E-9	1.2287040E-3
0.003712	-6.260388E-1	-6.257167E-1	-6.244280E-1	50E-9	1.2287040E-3
0.003716	-6.253945E-1	-6.221729E-1	-6.263610E-1	50E-9	1.2287040E-3
0.00372	-6.241059E-1	-6.266832E-1	-6.253945E-1	50E-9	1.2287040E-3
0.003724	-6.250723E-1	-6.311934E-1	-6.311934E-1	50E-9	1.2287040E-3
0.003728	-6.302270E-1	-6.318378E-1	-6.308713E-1	50E-9	1.2287040E-3
0.003732	-6.311934E-1	-6.311934E-1	-6.315156E-1	50E-9	1.2287040E-3
0.003736	-6.295826E-1	-6.302270E-1	-6.318378E-1	50E-9	1.2287040E-3
0.00374	-6.308713E-1	-6.308713E-1	-6.299048E-1	50E-9	1.2287040E-3
0.003744	-6.331264E-1	-6.308713E-1	-6.324821E-1	50E-9	1.2287040E-3
0.003748	-6.305491E-1	-6.334486E-1	-6.295826E-1	50E-9	1.2287040E-3
0.003752	-6.308713E-1	-6.295826E-1	-6.305491E-1	50E-9	1.2287040E-3
0.003756	-6.308713E-1	-6.295826E-1	-6.299048E-1	50E-9	1.2287040E-3
0.00376	-6.305491E-1	-6.324821E-1	-6.308713E-1	50E-9	1.2287040E-3
0.003764	-6.324821E-1	-6.295826E-1	-6.299048E-1	50E-9	1.2287040E-3
0.003768	-6.324821E-1	-6.315156E-1	-6.315156E-1	50E-9	1.2287040E-3
0.003772	-6.305491E-1	-6.302270E-1	-6.363481E-1	50E-9	1.2287040E-3
0.003776	-6.347372E-1	-6.347372E-1	-6.363481E-1	50E-9	1.2287040E-3
0.00378	-6.344151E-1	-6.353816E-1	-6.376367E-1	50E-9	1.2287040E-3
0.003784	-6.350594E-1	-6.357037E-1	-6.357037E-1	50E-9	1.2287040E-3
0.003788	-6.376367E-1	-6.360259E-1	-6.344151E-1	50E-9	1.2287040E-3
0.003792	-6.347372E-1	-6.360259E-1	-6.363481E-1	50E-9	1.2287040E-3
0.003796	-6.366702E-1	-6.357037E-1	-6.395697E-1	50E-9	1.2287040E-3
0.0038	-6.398918E-1	-6.411805E-1	-6.415027E-1	50E-9	1.2287040E-3
0.003804	-6.421470E-1	-6.411805E-1	-6.421470E-1	50E-9	1.2287040E-3
0.003808	-6.389254E-1	-6.418248E-1	-6.411805E-1	50E-9	1.2287040E-3
0.003812	-6.424691E-1	-6.411805E-1	-6.398918E-1	50E-9	1.2287040E-3
0.003816	-6.395697E-1	-6.392475E-1	-6.405362E-1	50E-9	1.2287040E-3
0.00382	-6.431135E-1	-6.418248E-1	-6.447243E-1	50E-9	1.2287040E-3
0.003824	-6.463351E-1	-6.463351E-1	-6.437578E-1	50E-9	1.2287040E-3
0.003828	-6.463351E-1	-6.469794E-1	-6.460129E-1	50E-9	1.2287040E-3
0.003832	-6.440800E-1	-6.450465E-1	-6.456908E-1	50E-9	1.2287040E-3
0.003836	-6.456908E-1	-6.453686E-1	-6.460129E-1	50E-9	1.2287040E-3
0.00384	-6.466573E-1	-6.466573E-1	-6.444021E-1	50E-9	1.2287040E-3
0.003844	-6.463351E-1	-6.447243E-1	-6.476238E-1	50E-9	1.2287040E-3
0.003848	-6.498789E-1	-6.495567E-1	-6.505232E-1	50E-9	1.2287040E-3
0.003852	-6.514897E-1	-6.502011E-1	-6.502011E-1	50E-9	1.2287040E-3
0.003856	-6.492346E-1	-6.511675E-1	-6.495567E-1	50E-9	1.2287040E-3
0.00386	-6.511675E-1	-6.505232E-1	-6.505232E-1	50E-9	1.2287040E-3
0.003864	-6.508454E-1	-6.505232E-1	-6.498789E-1	50E-9	1.2287040E-3
0.003868	-6.502011E-1	-6.508454E-1	-6.518119E-1	50E-9	1.2287040E-3
0.003872	-6.489124E-1	-6.505232E-1	-6.502011E-1	50E-9	1.2287040E-3
0.003876	-6.508454E-1	-6.511675E-1	-6.505232E-1	50E-9	1.2287040E-3
0.00388	-6.511675E-1	-6.514897E-1	-6.502011E-1	50E-9	1.2287040E-3
0.003884	-6.505232E-1	-6.508454E-1	-6.508454E-1	50E-9	1.2287040E-3
0.003888	-6.498789E-1	-6.505232E-1	-6.524562E-1	50E-9	1.2287040E-3
0.003892	-6.489124E-1	-6.508454E-1	-6.502011E-1	50E-9	1.2287040E-3
0.003896	-6.543892E-1	-6.566443E-1	-6.556778E-1	50E-9	1.2287040E-3
0.0039	-6.572886E-1	-6.560000E-1	-6.543892E-1	50E-9	1.2287040E-3
0.003904	-6.566443E-1	-6.560000E-1	-6.537449E-1	50E-9	1.2287040E-3
0.003908	-6.569665E-1	-6.550335E-1	-6.560000E-1	50E-9	1.2287040E-3
0.003912	-6.556778E-1	-6.553557E-1	-6.547113E-1	50E-9	1.2287040E-3
0.003916	-6.550335E-1	-6.556778E-1	-6.547113E-1	50E-9	1.2287040E-3
0.00392	-6.601881E-1	-6.614768E-1	-6.592216E-1	50E-9	1.2287040E-3
0.003924	-6.605103E-1	-6.598660E-1	-6.588995E-1	50E-9	1.2287040E-3
0.003928	-6.598660E-1	-6.601881E-1	-6.608324E-1	50E-9	1.2287040E-3
0.003932	-6.592216E-1	-6.598660E-1	-6.601881E-1	50E-9	1.2287040E-3
0.003936	-6.617989E-1	-6.592216E-1	-6.601881E-1	50E-9	1.2287040E-3
0.00394	-6.592216E-1	-6.608324E-1	-6.598660E-1	50E-9	1.2287040E-3
0.003944	-6.646984E-1	-6.656649E-1	-6.650206E-1	50E-9	1.2287040E-3
0.003948	-6.640541E-1	-6.653427E-1	-6.653427E-1	50E-9	1.2287040E-3
0.003952	-6.688865E-1	-6.650206E-1	-6.659870E-1	50E-9	1.2287040E-3
0.003956	-6.646984E-1	-6.646984E-1	-6.650206E-1	50E-9	1.2287040E-3
0.00396	-6.646984E-1	-6.653427E-1	-6.634097E-1	50E-9	1.2287040E-3
0.003964	-6.650206E-1	-6.646984E-1	-6.656649E-1	50E-9	1.2287040E-3
0.003968	-6.637319E-1	-6.634097E-1	-6.646984E-1	50E-9	1.2287040E-3
0.003972	-6.653427E-1	-6.663092E-1	-6.653427E-1	50E-9	1.2287040E-3
0.003976	-6.634097E-1	-6.666314E-1	-6.656649E-1	50E-9	1.2287040E-3
0.00398	-6.643762E-1	-6.656649E-1	-6.643762E-1	50E-9	1.2287040E-3
0.003984	-6.646984E-1	-6.663092E-1	-6.640541E-1	50E-9	1.2287040E-3
0.003988	-6.659870E-1	-6.653427E-1	-6.643762E-1	50E-9	1.2287040E-3
0.003992	-6.653427E-1	-6.711417E-1	-6.704973E-1	50E-9	1.2287040E-3
0.003996	-6.688865E-1	-6.717860E-1	-6.692087E-1	50E-9	1.2287040E-3
