10.05933821	0.003006053087
110.0830449	0.002953223929
209.921269	0.00286767992
309.9458036	0.002801138397
409.9703527	0.002740382796
509.9949177	0.002679673045
610.0194534	0.002616999881
710.0440608	0.002578237988
810.0686175	0.002544095574
910.093218	0.002489176009
1009.931502	0.002458165063
1109.956031	0.002425009657
1209.980621	0.002392827549
1310.005196	0.002363031263
1410.029747	0.00233398179
1510.054325	0.002310808136
1610.078895	0.0022942827
1709.917209	0.002273873867
1809.941768	0.002260422266
1909.966326	0.002228164928
2009.990884	0.002218140377
2110.01547	0.002203118326
2210.040045	0.002189374353
2310.064597	0.002168378145
2410.089181	0.00216732014
2509.927461	0.002150798555
2609.952053	0.0021403078
2709.976608	0.002139312961
2810.001211	0.002122990511
2910.025731	0.002112496602
3010.050304	0.002113281798
3110.074873	0.002103462172
3210.099475	0.002094029804
3309.937748	0.00207978891
3409.962323	0.002066887292
3509.986895	0.002072966816
3610.011466	0.002064117424
3710.03603	0.002059089584
3810.060585	0.002051502776
3910.085145	0.002058732017
4010.10974	0.002065935109
4109.948033	0.002058237532
4209.972598	0.002045974783
4309.997176	0.002039722836
4410.021738	0.002033894438
4510.046311	0.002029539515
4610.070882	0.00202987237
4710.095424	0.00202761326
4809.933714	0.00202785249
4909.958308	0.002026300757
5009.982873	0.002021353663
5110.007451	0.002014802795
5210.032019	0.002014478906
5310.05659	0.002017867893
5410.081154	0.002012414412
5510.105746	0.002016858732
5609.944042	0.002010548033
5709.968602	0.002002025208
5809.993173	0.002007367423
5910.017734	0.002017487235
6010.042317	0.002037883787
6110.066878	0.002064369927
6210.09144	0.002037917804
6310.116021	0.002017318521
6409.954297	0.002001534763
6509.978852	0.001987620499
6610.003432	0.001992157993
6710.027998	0.001984894015
6810.052559	0.001977395676
6910.077115	0.001980002018
7010.101706	0.001988350731
7110.12629	0.001976388671
7209.964582	0.001975478194
7309.98915	0.001978706904
7410.013703	0.001976418583
7510.038276	0.001971407801
7610.062847	0.001969804364
7710.087386	0.001964989721
7810.112001	0.001973708008
7909.950303	0.001963267939
8009.974855	0.001967408361
8109.999477	0.001998971579
8210.024013	0.001983779693
8310.048577	0.00197192611
8410.073131	0.001959823155
8510.097711	0.001958695355
8610.122284	0.001961602109
8709.960594	0.001959427543
8809.985159	0.001962200692
8910.00971	0.001963282671
9010.034308	0.001957460514
9110.058864	0.00196103516
9210.083453	0.001961154368
9310.108031	0.001955841246
9410.132604	0.001948950376
9509.970919	0.001952560714
9609.995497	0.001943465343
9710.020046	0.001956604613
9810.044611	0.001954583784
9910.069203	0.001949200892
10010.09378	0.001948074678
10110.11834	0.001944390874
10210.14293	0.001933767126
10309.98122	0.001936378604
10410.00577	0.001936385911
10510.03036	0.001938732731
10610.05493	0.001932028241
10710.07947	0.001935930898
10810.10406	0.001939457082
10910.12867	0.001929105827
11009.96692	0.001937501012
11109.99152	0.001927574269
11210.0161	0.001935096865
11310.04063	0.00193327899
11410.06521	0.001947383777
11510.08979	0.001961068351
11610.11436	0.001978534143
11710.13897	0.001992499272
11809.97725	0.002020608797
11910.00182	0.002064956384
12010.02639	0.002116292466
12110.05094	0.002169288969
12210.07491	0.002370899001
12310.10008	0.00215986992
12410.12464	0.00211419514
12510.1492	0.002056168179
12609.98747	0.002022469877
12710.01208	0.001982874809
12810.03666	0.001966026701
12910.06121	0.001949604487
13010.08579	0.001929891235
13110.1104	0.001925560163
13210.13497	0.001920995334
13310.15951	0.001921025817
13409.99782	0.001917092488
13510.02237	0.001909625467
13610.04697	0.001913291015
13710.07157	0.00191066391
13810.09613	0.001906590559
13910.12067	0.001906672015
14010.1453	0.001908082894
14109.9836	0.001913293347
14210.00817	0.001903533714
14310.03272	0.001904340499
14410.05727	0.001905633054
14510.08184	0.00189700623
14610.10647	0.001915438601
14710.13098	0.001910808869
14810.15558	0.001903029436
14909.99398	0.001897366162
15010.01847	0.001903363719
15110.04306	0.001902415426
15210.0676	0.00191084312
15310.09221	0.001911438167
15410.1168	0.001906715701
15510.14136	0.001904186715
15610.16593	0.001900076914
15710.00423	0.001912972312
15810.02879	0.001902421229
15910.05343	0.001914018172
16010.07797	0.001908913801
16110.10255	0.001919456269
16210.12711	0.001934959733
16310.15176	0.001941787297
16410.17628	0.001920527131
16510.01464	0.001907687411
16610.03916	0.001907830948
16710.06374	0.001906812994
16810.08829	0.001907367878
16910.11288	0.00190235591
17010.13745	0.001908301194
17110.16204	0.001913244869
17210.00034	0.001901475801
17310.02488	0.001897111174
17410.04952	0.001904882032
17510.07411	0.001904326098
17610.0987	0.001902242843
17710.12327	0.001897276569
17810.14786	0.001905523502
17910.17241	0.00191075444
18010.01073	0.001909359702
18110.03525	0.001932138661
18210.05989	0.001944553632
18310.08446	0.001970991684
18410.10898	0.001960589926
18510.13359	0.001925109106
18610.15816	0.001911809856
18710.18274	0.001909882482
18810.02104	0.001899257632
18910.0456	0.001893964424
19010.07025	0.001904267769
19110.09479	0.001897199597
19210.11936	0.001898882168
19310.14391	0.001894865599
19410.16851	0.001906595908
19510.19306	0.001912967779
19610.0314	0.001903937936
19710.05595	0.001895415319
19810.08046	0.001898875842
19910.10509	0.001905910426
20010.12964	0.001899013409
20110.15421	0.001904457529
20210.17879	0.001903704849
20310.01705	0.001925470051
20410.04166	0.001914268485
20510.06623	0.001898239015
20610.09086	0.00189691072
20710.11544	0.00189531048
20810.14	0.001896939134
20910.16458	0.001902011456
21010.18914	0.001904234615
21110.02743	0.001901320289
21210.05207	0.001898107388
21310.07661	0.0019079458
21410.10119	0.001910850099
21510.12582	0.00190554521
21610.15039	0.001908436515
21710.17495	0.001909831474
21810.19945	0.001908006522
21910.03773	0.001906624808
22010.06235	0.001909462696
22110.08694	0.001893651651
22210.1115	0.001904601282
22310.1361	0.001902457086
22410.16064	0.00190257636
22510.18525	0.00190322937
22610.20982	0.001905029518
22710.04814	0.001905490532
22810.07269	0.001907882632
22910.09736	0.001908239496
23010.12188	0.001903148251
23110.14639	0.001906559395
23210.17104	0.001910275876
23310.19555	0.001906206584
23410.0339	0.001910756071
23510.05842	0.001918379436
23610.083	0.001923772546
23710.1076	0.001930966763
23810.1322	0.00195051905
23910.15679	0.001976580821
24010.18138	0.002013348656
24110.20585	0.002043482736
24210.04419	0.002096823018
24310.06873	0.002150691225
24410.0933	0.00222041998
24510.11791	0.002158717591
24610.14246	0.00209984352
24710.167	0.002049118317
24810.19159	0.002012680733
24910.21622	0.00197856973
25010.05461	0.001962868583